124
2
5
6
7
137
157
158
159
160
161
162
163
164
165
166
167
168
169
170
171
172
173
174
175
176
177
178
179
180
144
147
148
141
145
146
388
391
392
393
394
395
396
397
398
399
400
401
402
403
404
405
406
407
408
409
260
452
453
454
455
257
261
262
254
258
259
50
297
298
299
300
301
302
303
304
305
306
307
308
309
310
311
312
313
314
315
316
317
318
319
320
47
51
52
44
48
49
27
81
82
83
84
85
86
87
88
89
90
91
92
93
94
95
96
97
98
99
8
28
29
30
31
9
10
