      1135
         1             0.000000           500.000000
         2             0.000000           550.000000
         3             0.000000           516.666667
         4             0.000000           533.333333
         5           -50.000000           550.000000
         6           -16.666667           550.000000
         7           -33.333333           550.000000
         8           -50.000000           500.000000
         9           -50.000000           533.333333
        10           -50.000000           516.666667
        11           -33.333333           500.000000
        12           -16.666667           500.000000
        13           -15.402975           524.995248
        14           -25.041270           538.105056
        15           -34.690770           525.016313
        16           -25.033892           511.911583
        17           -11.420707           510.714699
        18           -11.422182           539.286727
        19           -38.613075           539.290941
        20           -38.611599           510.718913
        21             0.000000           375.000000
        22             0.000000           395.833333
        23             0.000000           416.666667
        24             0.000000           437.500000
        25             0.000000           458.333333
        26             0.000000           479.166667
        27           -50.000000           400.000000
        28           -50.000000           480.000000
        29           -50.000000           460.000000
        30           -50.000000           440.000000
        31           -50.000000           420.000000
        32           -33.333333           391.666667
        33           -16.666667           383.333333
        34           -33.406896           412.165089
        35           -16.702725           404.065115
        36           -16.715323           424.556596
        37           -16.992773           444.673449
        38           -18.533068           463.808343
        39           -25.625831           481.717800
        40           -35.592851           467.322031
        41           -34.098448           451.328736
        42           -33.535573           432.120645
        43             0.000000             0.000000
        44           -50.000000             0.000000
        45           -16.666667             0.000000
        46           -33.333333             0.000000
        47           -50.000000           -50.000000
        48           -50.000000           -16.666667
        49           -50.000000           -33.333333
        50             0.000000           -50.000000
        51           -33.333333           -50.000000
        52           -16.666667           -50.000000
        53             0.000000           -33.333333
        54             0.000000           -16.666667
        55           -24.998919           -11.747432
        56           -34.667684           -24.846379
        57           -25.016289           -37.982891
        58           -15.358608           -24.909773
        59           -11.404839           -10.664774
        60           -38.599987           -10.652096
        61           -38.603461           -39.232521
        62           -11.408313           -39.245199
        63             0.000000            19.736842
        64             0.000000            39.473684
        65             0.000000            59.210526
        66             0.000000            78.947368
        67             0.000000            98.684211
        68             0.000000           118.421053
        69             0.000000           138.157895
        70             0.000000           157.894737
        71             0.000000           177.631579
        72             0.000000           197.368421
        73             0.000000           217.105263
        74             0.000000           236.842105
        75             0.000000           256.578947
        76             0.000000           276.315789
        77             0.000000           296.052632
        78             0.000000           315.789474
        79             0.000000           335.526316
        80             0.000000           355.263158
        81           -50.000000           380.000000
        82           -50.000000           360.000000
        83           -50.000000           340.000000
        84           -50.000000           320.000000
        85           -50.000000           300.000000
        86           -50.000000           280.000000
        87           -50.000000           260.000000
        88           -50.000000           240.000000
        89           -50.000000           220.000000
        90           -50.000000           200.000000
        91           -50.000000           180.000000
        92           -50.000000           160.000000
        93           -50.000000           140.000000
        94           -50.000000           120.000000
        95           -50.000000           100.000000
        96           -50.000000            80.000000
        97           -50.000000            60.000000
        98           -50.000000            40.000000
        99           -50.000000            20.000000
       100           -16.637940           363.352010
       101           -24.338791            17.752030
       102           -14.372104            31.859323
       103           -15.893080            47.505987
       104           -16.475648            66.244126
       105           -16.620921            85.756424
       106           -16.631964           105.498505
       107           -16.631513           125.311143
       108           -16.629948           145.138921
       109           -16.628677           164.969758
       110           -16.627768           184.801139
       111           -16.627139           204.632567
       112           -16.626725           224.463949
       113           -16.626477           244.295255
       114           -16.626299           264.126416
       115           -16.624649           283.956880
       116           -16.621749           303.779611
       117           -16.624307           323.623804
       118           -16.634463           343.492973
       119           -33.318929           371.654434
       120           -33.310038           351.686229
       121           -33.306043           331.747889
       122           -33.303751           311.819854
       123           -33.303722           291.900546
       124           -33.304546           271.984773
       125           -33.305046           252.068131
       126           -33.305293           232.151182
       127           -33.305584           212.234128
       128           -33.306009           192.317022
       129           -33.306628           172.399900
       130           -33.307520           152.482935
       131           -33.308787           132.567050
       132           -33.310373           112.657050
       133           -33.320127            92.790340
       134           -33.235223            73.045176
       135           -32.832097            53.638471
       136           -31.239345            35.125969
       137           500.000000           550.000000
       138           500.000000           500.000000
       139           500.000000           533.333333
       140           500.000000           516.666667
       141           550.000000           500.000000
       142           516.666667           500.000000
       143           533.333333           500.000000
       144           550.000000           550.000000
       145           550.000000           516.666667
       146           550.000000           533.333333
       147           533.333333           550.000000
       148           516.666667           550.000000
       149           511.904374           525.064015
       150           524.992480           515.397601
       151           538.091782           525.032674
       152           525.004504           534.680397
       153           510.715109           538.615549
       154           510.712704           511.425656
       155           539.283519           511.419388
       156           539.285924           538.609281
       157           480.000000           550.000000
       158           460.000000           550.000000
       159           440.000000           550.000000
       160           420.000000           550.000000
       161           400.000000           550.000000
       162           380.000000           550.000000
       163           360.000000           550.000000
       164           340.000000           550.000000
       165           320.000000           550.000000
       166           300.000000           550.000000
       167           280.000000           550.000000
       168           260.000000           550.000000
       169           240.000000           550.000000
       170           220.000000           550.000000
       171           200.000000           550.000000
       172           180.000000           550.000000
       173           160.000000           550.000000
       174           140.000000           550.000000
       175           120.000000           550.000000
       176           100.000000           550.000000
       177            80.000000           550.000000
       178            60.000000           550.000000
       179            40.000000           550.000000
       180            20.000000           550.000000
       181            20.000000           500.000000
       182            40.000000           500.000000
       183            60.000000           500.000000
       184            80.000000           500.000000
       185           100.000000           500.000000
       186           120.000000           500.000000
       187           140.000000           500.000000
       188           160.000000           500.000000
       189           180.000000           500.000000
       190           200.000000           500.000000
       191           220.000000           500.000000
       192           240.000000           500.000000
       193           260.000000           500.000000
       194           280.000000           500.000000
       195           300.000000           500.000000
       196           320.000000           500.000000
       197           340.000000           500.000000
       198           360.000000           500.000000
       199           380.000000           500.000000
       200           400.000000           500.000000
       201           420.000000           500.000000
       202           440.000000           500.000000
       203           460.000000           500.000000
       204           480.000000           500.000000
       205           482.122694           525.659166
       206           467.834795           535.625482
       207           452.054509           534.104899
       208           433.157416           533.523386
       209           413.480025           533.379198
       210           393.570512           533.368702
       211           373.589490           533.369277
       212           353.593108           533.370875
       213           333.593618           533.372156
       214           313.593568           533.373071
       215           293.593461           533.373704
       216           273.593387           533.374125
       217           253.593358           533.374377
       218           233.593374           533.374484
       219           213.593437           533.374456
       220           193.593557           533.374289
       221           173.593754           533.373967
       222           153.594103           533.373429
       223           133.594940           533.372448
       224           113.597978           533.369921
       225            93.612371           533.360016
       226            73.714114           533.273456
       227            54.139622           532.872339
       228            35.476565           531.269215
       229            17.981413           524.281350
       230            32.354042           514.299125
       231            48.218725           515.828449
       232            67.198232           516.443571
       233            86.932872           516.632566
       234           106.867785           516.681299
       235           126.853682           516.691844
       236           146.850574           516.694345
       237           166.849805           516.695105
       238           186.849555           516.695423
       239           206.849444           516.695571
       240           226.849390           516.695609
       241           246.849373           516.695549
       242           266.849388           516.695387
       243           286.849436           516.695107
       244           306.849515           516.694681
       245           326.849600           516.694059
       246           346.849521           516.693160
       247           366.848340           516.691879
       248           386.841182           516.690244
       249           406.790030           516.680040
       250           426.615970           516.764086
       251           446.101211           517.166601
       252           464.685535           518.759358
       253           500.000000             0.000000
       254           500.000000           -50.000000
       255           500.000000           -16.666667
       256           500.000000           -33.333333
       257           550.000000           -50.000000
       258           516.666667           -50.000000
       259           533.333333           -50.000000
       260           550.000000             0.000000
       261           550.000000           -33.333333
       262           550.000000           -16.666667
       263           533.333333             0.000000
       264           516.666667             0.000000
       265           515.210875           -25.046029
       266           524.888965           -38.142243
       267           534.560398           -25.047928
       268           524.931613           -11.937795
       269           511.361831           -10.730098
       270           511.353301           -39.304321
       271           538.556539           -39.304701
       272           538.565069           -10.730478
       273           480.000000             0.000000
       274           460.000000             0.000000
       275           440.000000             0.000000
       276           420.000000             0.000000
       277           400.000000             0.000000
       278           380.000000             0.000000
       279           360.000000             0.000000
       280           340.000000             0.000000
       281           320.000000             0.000000
       282           300.000000             0.000000
       283           280.000000             0.000000
       284           260.000000             0.000000
       285           240.000000             0.000000
       286           220.000000             0.000000
       287           200.000000             0.000000
       288           180.000000             0.000000
       289           160.000000             0.000000
       290           140.000000             0.000000
       291           120.000000             0.000000
       292           100.000000             0.000000
       293            80.000000             0.000000
       294            60.000000             0.000000
       295            40.000000             0.000000
       296            20.000000             0.000000
       297            20.000000           -50.000000
       298            40.000000           -50.000000
       299            60.000000           -50.000000
       300            80.000000           -50.000000
       301           100.000000           -50.000000
       302           120.000000           -50.000000
       303           140.000000           -50.000000
       304           160.000000           -50.000000
       305           180.000000           -50.000000
       306           200.000000           -50.000000
       307           220.000000           -50.000000
       308           240.000000           -50.000000
       309           260.000000           -50.000000
       310           280.000000           -50.000000
       311           300.000000           -50.000000
       312           320.000000           -50.000000
       313           340.000000           -50.000000
       314           360.000000           -50.000000
       315           380.000000           -50.000000
       316           400.000000           -50.000000
       317           420.000000           -50.000000
       318           440.000000           -50.000000
       319           460.000000           -50.000000
       320           480.000000           -50.000000
       321           482.047470           -25.630984
       322           464.480834           -18.345321
       323           445.873043           -15.644400
       324           429.796790           -12.184366
       325           413.416932           -15.165562
       326           393.585096           -16.247609
       327           373.581857           -16.552578
       328           353.589892           -16.613527
       329           333.592711           -16.624775
       330           313.593346           -16.626332
       331           293.593411           -16.626180
       332           273.593376           -16.625852
       333           253.593355           -16.625618
       334           233.593373           -16.625515
       335           213.593437           -16.625544
       336           193.593557           -16.625711
       337           173.593754           -16.626033
       338           153.594103           -16.626571
       339           133.594940           -16.627552
       340           113.597978           -16.630079
       341            93.612371           -16.639984
       342            73.714114           -16.726544
       343            54.139622           -17.127661
       344            35.476565           -18.730785
       345            17.981413           -25.718650
       346            32.354042           -35.700875
       347            48.218725           -34.171551
       348            67.198232           -33.556429
       349            86.932872           -33.367434
       350           106.867785           -33.318701
       351           126.853682           -33.308156
       352           146.850574           -33.305655
       353           166.849805           -33.304895
       354           186.849555           -33.304577
       355           206.849444           -33.304429
       356           226.849390           -33.304390
       357           246.849372           -33.304449
       358           266.849384           -33.304606
       359           286.849415           -33.304857
       360           306.849412           -33.305129
       361           326.849108           -33.304940
       362           346.847250           -33.301584
       363           366.838356           -33.280696
       364           386.877177           -33.105010
       365           407.264346           -32.400575
       366           429.673200           -29.798699
       367           451.278561           -33.199598
       368           467.561373           -35.435181
       369           500.000000           125.000000
       370           500.000000           480.263158
       371           500.000000           460.526316
       372           500.000000           440.789474
       373           500.000000           421.052632
       374           500.000000           401.315789
       375           500.000000           381.578947
       376           500.000000           361.842105
       377           500.000000           342.105263
       378           500.000000           322.368421
       379           500.000000           302.631579
       380           500.000000           282.894737
       381           500.000000           263.157895
       382           500.000000           243.421053
       383           500.000000           223.684211
       384           500.000000           203.947368
       385           500.000000           184.210526
       386           500.000000           164.473684
       387           500.000000           144.736842
       388           550.000000           100.000000
       389           516.666667           116.666667
       390           533.333333           108.333333
       391           550.000000           120.000000
       392           550.000000           140.000000
       393           550.000000           160.000000
       394           550.000000           180.000000
       395           550.000000           200.000000
       396           550.000000           220.000000
       397           550.000000           240.000000
       398           550.000000           260.000000
       399           550.000000           280.000000
       400           550.000000           300.000000
       401           550.000000           320.000000
       402           550.000000           340.000000
       403           550.000000           360.000000
       404           550.000000           380.000000
       405           550.000000           400.000000
       406           550.000000           420.000000
       407           550.000000           440.000000
       408           550.000000           460.000000
       409           550.000000           480.000000
       410           516.637940           136.647990
       411           514.314014           468.233432
       412           515.833858           452.587393
       413           516.429692           433.826542
       414           516.596149           414.279565
       415           516.626433           394.509516
       416           516.630335           374.690563
       417           516.629705           354.861430
       418           516.628629           335.030313
       419           516.627758           315.198875
       420           516.627137           295.367436
       421           516.626724           275.536052
       422           516.626477           255.704746
       423           516.626299           235.873584
       424           516.624649           216.043120
       425           516.621749           196.220389
       426           516.624307           176.376196
       427           516.634463           156.507027
       428           533.318929           128.345566
       429           533.310038           148.313771
       430           533.306043           168.252111
       431           533.303751           188.180146
       432           533.303722           208.099454
       433           533.304546           228.015227
       434           533.305046           247.931869
       435           533.305292           267.848819
       436           533.305583           287.765873
       437           533.306006           307.682983
       438           533.306611           327.600124
       439           533.307433           347.517191
       440           533.308338           367.433599
       441           533.308096           387.346243
       442           533.299307           407.239268
       443           533.202594           427.006111
       444           532.793850           446.422333
       445           531.206304           464.926717
       446           524.253386           482.237218
       447           500.000000           104.166667
       448           500.000000            83.333333
       449           500.000000            62.500000
       450           500.000000            41.666667
       451           500.000000            20.833333
       452           550.000000            20.000000
       453           550.000000            40.000000
       454           550.000000            60.000000
       455           550.000000            80.000000
       456           533.406896            87.834911
       457           516.702725            95.934885
       458           516.715323            75.443404
       459           516.992773            55.326551
       460           518.533068            36.191657
       461           525.625831            18.282200
       462           535.592851            32.677969
       463           534.098448            48.671264
       464           533.535573            67.879355
       465            17.857143           366.071429
       466            35.714286           357.142857
       467            53.571429           348.214286
       468            71.428571           339.285714
       469            89.285714           330.357143
       470           107.142857           321.428571
       471           125.000000           312.500000
       472           142.857143           303.571429
       473           160.714286           294.642857
       474           178.571429           285.714286
       475           196.428571           276.785714
       476           214.285714           267.857143
       477           232.142857           258.928571
       478           250.000000           250.000000
       479           267.857143           241.071429
       480           285.714286           232.142857
       481           303.571429           223.214286
       482           321.428571           214.285714
       483           339.285714           205.357143
       484           357.142857           196.428571
       485           375.000000           187.500000
       486           392.857143           178.571429
       487           410.714286           169.642857
       488           428.571429           160.714286
       489           446.428571           151.785714
       490           464.285714           142.857143
       491           482.142857           133.928571
       492           482.495125           113.833473
       493           482.461128            93.435588
       494           482.233315            72.830724
       495           482.219722            52.281047
       496           483.715541            34.719038
       497            17.952857           346.274666
       498            35.943233           337.262003
       499            53.993025           328.272317
       500            72.051460           319.314986
       501            90.106444           310.389664
       502           108.148462           301.486010
       503           126.117280           292.576149
       504           144.017445           283.652598
       505           161.889294           274.723065
       506           179.752324           265.791850
       507           197.612882           256.860327
       508           215.472702           247.928801
       509           233.332232           238.997296
       510           251.191601           230.065773
       511           269.050866           221.134180
       512           286.910063           212.202458
       513           304.769222           203.270534
       514           322.628372           194.338314
       515           340.487538           185.405674
       516           358.346744           176.472434
       517           376.206006           167.538331
       518           394.065312           158.602946
       519           411.902182           149.705590
       520           429.666533           140.878418
       521           447.325899           132.038891
       522           464.915040           123.051915
       523            18.297087            26.499978
       524            18.277270            47.965994
       525            17.678989            68.590123
       526            17.413939            88.671244
       527            17.278241           108.573886
       528            17.203264           128.374093
       529            17.164865           148.128623
       530            17.148057           167.866760
       531            17.142285           187.600708
       532            17.141239           207.334661
       533            17.176823           227.082165
       534            17.362231           246.890225
       535            17.706924           266.783778
       536            17.978727           286.702713
       537            18.075025           306.592537
       538            18.036838           326.456734
       539           473.030794            19.031252
       540           451.158467            18.841341
       541           430.246127            18.013289
       542           409.974956            17.604502
       543           389.903257            17.415826
       544           369.908601            17.340573
       545           349.932073            17.317643
       546           329.953030            17.313846
       547           309.967869            17.314704
       548           289.977961            17.315553
       549           269.985141            17.315538
       550           249.990663            17.314833
       551           229.995246            17.313703
       552           209.999284            17.312311
       553           190.003007            17.310722
       554           170.006567            17.308940
       555           150.010081            17.306928
       556           130.013656            17.304613
       557           110.032834            17.294101
       558            90.054857            17.359405
       559            70.054177            17.458326
       560            50.247282            17.375897
       561            33.345427            15.930809
       562           464.942216           103.094053
       563           464.135030            82.633911
       564           463.991425            61.874165
       565           463.261661            39.362905
       566            36.116165           317.356906
       567            54.257943           308.291349
       568            72.499738           299.310644
       569            90.747838           290.386171
       570           108.956748           281.495331
       571           127.103979           272.617138
       572           145.126763           263.718990
       573           163.048029           254.797577
       574           180.928070           245.866458
       575           198.795162           236.932530
       576           216.658539           227.997981
       577           234.520768           219.063304
       578           252.382530           210.128527
       579           270.244033           201.193557
       580           288.105366           192.258265
       581           305.966589           183.322483
       582           323.827747           174.385990
       583           341.688873           165.448483
       584           359.549973           156.509526
       585           377.410775           147.568418
       586           395.241535           138.641377
       587           412.991010           129.795821
       588           430.539239           121.145771
       589            38.093862            35.910222
       590            35.343667            58.255127
       591            34.817686            78.490684
       592            34.583993            98.609478
       593            34.445138           118.558043
       594            34.356485           138.372072
       595            34.308678           158.123022
       596            34.288809           177.853031
       597            34.327454           197.595237
       598            34.571858           217.416441
       599            35.083932           237.364302
       600            35.626568           257.386154
       601            36.013151           277.415015
       602            36.155557           297.427870
       603           440.570352            36.181126
       604           420.176800            35.504278
       605           399.911229            35.197964
       606           379.883337            34.923594
       607           359.996924            34.867683
       608           340.013922            34.835178
       609           319.970145            34.711497
       610           299.958120            34.653956
       611           279.963802            34.635539
       612           259.973771            34.629783
       613           239.983587            34.626858
       614           219.992465            34.624143
       615           200.000555            34.621105
       616           180.008135            34.617652
       617           160.015459            34.613723
       618           140.022746            34.609204
       619           120.068789            34.592733
       620           100.181177            34.753295
       621            80.053274            35.386984
       622            59.835009            35.307856
       623           447.700722           112.362443
       624           447.269296            92.790504
       625           443.986160            71.336759
       626           448.466623            52.358366
       627            54.335602           288.295429
       628            72.639356           279.251511
       629            91.104940           270.249765
       630           109.608412           261.278229
       631           128.010729           252.470890
       632           146.199933           243.707535
       633           164.192122           234.846464
       634           182.097618           225.932619
       635           199.974141           217.000857
       636           217.842064           208.064187
       637           235.707390           199.126287
       638           253.571751           190.187950
       639           271.435606           181.249203
       640           289.299121           172.309863
       641           307.162291           163.369635
       642           325.030541           154.391126
       643           342.921963           145.359636
       644           360.816359           136.364387
       645           378.622151           127.358990
       646           396.368564           118.342133
       647           414.093709           109.791494
       648            50.946499            50.595389
       649            51.921348            68.165771
       650            51.931390            88.363702
       651            51.822155           108.563024
       652            51.625603           128.571036
       653            51.501298           148.395689
       654            51.440568           168.106350
       655            51.519851           187.752083
       656            52.052013           207.527463
       657            52.971206           227.619879
       658            53.766302           247.951265
       659            54.182645           268.231424
       660           430.836665            53.318492
       661           410.272771            53.638067
       662           389.935473            52.920195
       663           370.348052            52.635203
       664           350.335666            52.986653
       665           329.976067            52.461022
       666           309.966005            52.147407
       667           290.067699            52.118590
       668           270.067836            52.117442
       669           250.012832            52.012940
       670           229.993434            51.958254
       671           209.995423            51.936840
       672           190.004499            51.927064
       673           170.015285            51.920128
       674           150.028922            51.943527
       675           130.089080            52.000988
       676           110.302351            52.121161
       677            90.731279            52.585969
       678            69.476434            55.470226
       679           431.238406           101.894795
       680           432.054691            85.439169
       681            72.558750           258.929304
       682            91.318023           249.247233
       683           110.586457           240.361918
       684           129.464244           232.269322
       685           147.571977           223.729341
       686           165.460494           214.920009
       687           183.311859           206.009806
       688           201.166887           197.072244
       689           219.028408           188.129660
       690           236.893275           179.186814
       691           254.766590           170.213878
       692           272.668034           161.206694
       693           290.574496           152.243564
       694           308.427196           143.218988
       695           326.297162           134.003758
       696           344.246695           124.898349
       697           362.021718           115.876224
       698           379.627448           106.691716
       699           397.589186            97.400049
       700            69.224332            77.741512
       701            69.519280            98.417092
       702            68.992189           118.831684
       703            68.721845           138.708030
       704            68.545316           158.250620
       705            68.493121           177.538271
       706            69.036827           196.891475
       707            70.767700           216.869536
       708            72.227587           237.774436
       709           422.058530            71.270371
       710           399.466269            74.058769
       711           380.357712            67.630962
       712           361.711560            73.073779
       713           339.719690            70.826795
       714           319.782916            69.855035
       715           300.353250            69.656376
       716           280.377696            70.103827
       717           260.020171            69.649354
       718           240.003634            69.364536
       719           220.101584            69.352250
       720           200.104228            69.373222
       721           180.053913            69.286526
       722           160.081872            69.339604
       723           140.201593            69.572262
       724           120.374733            69.698710
       725           100.740546            69.648888
       726           416.083465            89.975775
       727            92.350204           225.610173
       728           113.608733           220.411152
       729           131.450603           212.639320
       730           149.049817           203.980815
       731           166.739694           195.069175
       732           184.530993           186.084702
       733           202.406684           177.082430
       734           220.312411           168.137222
       735           238.175170           159.142296
       736           256.066188           149.990181
       737           274.041190           140.959485
       738           291.861367           131.968746
       739           309.524181           122.667150
       740           327.436616           112.996130
       741           345.538399           104.309527
       742           362.834186            95.388654
       743           380.264394            85.707321
       744            88.844132            87.663334
       745            86.352070           109.344811
       746            85.879878           128.905207
       747            85.518656           148.100918
       748            85.210356           167.057528
       749            85.347379           185.921820
       750            86.777466           204.719765
       751           347.698137            86.731026
       752           328.632551            90.127582
       753           310.137819            84.254665
       754           291.656478            89.806038
       755           269.713241            87.740075
       756           249.783492            86.846740
       757           230.357582            86.704243
       758           210.390726            87.208492
       759           190.044941            86.809456
       760           170.146427            86.666357
       761           150.500683            86.956884
       762           130.520468            87.582739
       763            83.803345            68.621986
       764           110.418317            87.357616
       765           102.068046           209.298292
       766           116.450415           202.186726
       767           133.095354           193.514015
       768           150.373173           184.424281
       769           167.964952           175.212792
       770           185.812004           166.003023
       771           203.808410           157.021922
       772           221.649862           148.094477
       773           239.338663           138.873776
       774           257.283357           129.300261
       775           275.422283           120.676338
       776           292.733126           111.739273
       777           310.020128           101.931806
       778           101.744569           102.186924
       779           102.609872           118.937484
       780           102.261454           137.814752
       781           101.859775           156.665375
       782           101.525615           175.381837
       783           277.630531           103.339777
       784           258.562731           106.776320
       785           240.094874           101.065573
       786           221.604062           106.603211
       787           199.681827           104.642709
       788           179.878498           103.838200
       789           160.688432           103.820984
       790           141.229441           104.692791
       791           101.577403           193.559539
       792           117.467331           184.005617
       793           134.219315           174.474756
       794           151.437011           164.839407
       795           169.050042           155.222557
       796           187.082188           145.607598
       797           205.261034           137.046224
       798           222.598584           128.186984
       799           239.913712           118.467687
       800           119.860591           106.886067
       801           118.654965           127.640365
       802           118.466206           146.422528
       803           207.535551           119.969640
       804           188.502260           123.395854
       805           170.170250           117.792240
       806           151.797912           123.114992
       807           118.080079           165.342677
       808           134.884276           155.325680
       809           152.003433           144.922757
       810           169.767681           135.009333
       811           133.311893           119.689628
       812           134.853114           136.185992
       813            17.514841           386.157424
       814           481.702913           473.500022
       815           481.722730           452.034006
       816           482.321011           431.409877
       817           482.586061           411.328756
       818           482.721759           391.426114
       819           482.796736           371.625907
       820           482.835135           351.871377
       821           482.851943           332.133240
       822           482.857715           312.399292
       823           482.858761           292.665339
       824           482.858109           272.930376
       825           482.826867           253.181435
       826           482.670646           233.369396
       827           482.397673           213.467827
       828           482.209606           193.537611
       829           482.152420           173.628024
       830           482.136372           153.745385
       831            26.748808           481.028404
       832            48.466024           481.137719
       833            69.379592           481.864430
       834            89.757700           482.243821
       835           109.948023           482.460140
       836           130.022402           482.579686
       837           150.041224           482.640459
       838           170.038733           482.667826
       839           190.030470           482.678602
       840           210.022150           482.682471
       841           230.015202           482.684059
       842           250.009569           482.685170
       843           270.004872           482.686355
       844           290.000767           482.687729
       845           309.997013           482.689298
       846           329.993440           482.691068
       847           349.989921           482.693075
       848           369.986345           482.695389
       849           389.982954           482.698355
       850           409.997766           482.615449
       851           430.010286           482.510869
       852           449.784950           482.608701
       853           466.661020           484.066111
       854            17.483493           406.604642
       855            17.557280           427.277890
       856            17.473708           447.814334
       857            16.040635           465.355508
       858            35.106578           376.920065
       859            52.749847           367.907628
       860            70.457872           359.008316
       861            88.226304           350.143939
       862           106.035906           341.271827
       863           123.868044           332.380042
       864           141.710944           323.471857
       865           159.558709           314.553685
       866           177.408768           305.630337
       867           195.260059           296.704511
       868           213.112116           287.777504
       869           230.964697           278.849894
       870           248.817644           269.921935
       871           266.670842           260.993744
       872           284.524200           252.065381
       873           302.377641           243.136879
       874           320.231095           234.208257
       875           338.084499           225.279521
       876           355.937786           216.350667
       877           373.826538           207.433849
       878           391.874006           198.565865
       879           410.107122           189.735077
       880           428.298224           180.837179
       881           446.334695           171.845045
       882           464.272616           162.794074
       883           461.950003           464.068817
       884           464.724964           441.712077
       885           465.259665           421.472353
       886           465.464953           401.367132
       887           465.573207           381.433190
       888           465.648967           361.625323
       889           465.692746           341.876297
       890           465.711533           322.146806
       891           465.716266           302.420077
       892           465.676254           282.674956
       893           465.458685           262.846845
       894           465.021057           242.888074
       895           464.598793           222.856406
       896           464.342692           202.812368
       897           464.247801           182.766504
       898            36.206971           460.583882
       899            58.813282           463.649996
       900            79.286149           464.381240
       901            99.674726           464.768052
       902           119.945262           465.038849
       903           140.071919           465.220229
       904           160.097935           465.313671
       905           180.084873           465.353462
       906           200.063599           465.367375
       907           220.044530           465.371368
       908           240.029492           465.372774
       909           260.017700           465.374221
       910           280.008032           465.376331
       911           299.999629           465.379097
       912           319.991929           465.382429
       913           339.984563           465.386307
       914           359.977260           465.390806
       915           379.986467           465.380866
       916           399.976680           465.171272
       917           420.137228           464.521982
       918           440.300395           464.627439
       919            34.978880           396.898705
       920            35.533343           417.387132
       921            35.507671           438.157252
       922            52.364926           387.540068
       923            69.790705           378.545444
       924            87.309835           369.745840
       925           104.966816           361.092192
       926           122.758485           352.340684
       927           140.578542           343.406506
       928           158.413731           334.470718
       929           176.255638           325.544039
       930           194.100344           316.619313
       931           211.946543           307.693975
       932           229.793786           298.767745
       933           247.641831           289.840802
       934           265.490474           280.913321
       935           283.339532           271.985418
       936           301.188841           263.057168
       937           319.038251           254.128617
       938           336.887624           245.199790
       939           354.810628           236.379259
       940           372.958787           227.671625
       941           391.349435           218.864496
       942           409.781383           209.931604
       943           428.117560           200.960449
       944           446.286391           191.891478
       945           449.217157           449.326405
       946           448.275391           431.740215
       947           448.230591           411.558893
       948           448.270551           391.392675
       949           448.410600           371.411664
       950           448.510234           351.598800
       951           448.559288           331.861932
       952           448.574450           312.147075
       953           448.426511           292.383658
       954           447.903416           272.449214
       955           447.193382           252.337428
       956           446.617930           232.151215
       957           446.321640           211.970254
       958            50.943566           447.528789
       959            68.631192           446.754513
       960            89.102725           447.030968
       961           109.658338           447.403364
       962           129.940950           447.799552
       963           149.980610           448.019788
       964           169.985799           448.062272
       965           190.028833           448.058067
       966           210.056924           448.062399
       967           230.053566           448.064541
       968           250.039056           448.065615
       969           270.023544           448.067453
       970           290.009489           448.070604
       971           309.996834           448.074982
       972           329.985063           448.080426
       973           349.971166           448.056622
       974           369.987818           447.962315
       975           389.908370           447.778156
       976           409.544464           447.282266
       977           430.764323           444.414725
       978            52.720705           407.153302
       979            55.712175           428.718514
       980            69.628645           397.834798
       981            86.666705           389.016397
       982           103.823266           380.691344
       983           121.762932           372.544040
       984           139.651638           363.320186
       985           157.364608           354.231701
       986           175.136139           345.326520
       987           192.994848           336.448345
       988           210.823487           327.536860
       989           228.644310           318.653456
       990           246.477766           309.747231
       991           264.318372           300.826924
       992           282.161767           291.901368
       993           300.006216           282.973975
       994           317.851066           274.045755
       995           335.695995           265.116965
       996           353.592859           256.474658
       997           372.118725           248.556182
       998           391.127898           239.998462
       999           409.828493           230.486286
      1000           428.202917           221.174710
      1001           431.027715           422.138044
      1002           430.656191           401.499057
      1003           431.097110           381.125643
      1004           431.301187           361.247379
      1005           431.399720           341.513855
      1006           431.464783           321.849140
      1007           431.307093           302.208155
      1008           430.551836           282.386598
      1009           429.413506           262.134765
      1010           428.575250           241.618250
      1011            78.153575           429.446485
      1012            99.054046           429.466689
      1013           119.655597           430.320694
      1014           139.665706           430.807689
      1015           159.671542           430.852900
      1016           179.851955           430.764135
      1017           199.990474           430.743225
      1018           219.985420           430.739839
      1019           239.955746           430.746022
      1020           259.975521           430.753957
      1021           280.000124           430.761639
      1022           300.000933           430.768390
      1023           319.990237           430.775590
      1024           339.931940           430.680256
      1025           359.859164           430.405908
      1026           379.797181           430.220919
      1027           399.516578           430.228634
      1028            68.778819           414.631896
      1029            87.696543           410.051158
      1030           101.716795           397.351929
      1031           120.702509           394.357141
      1032           139.282626           383.156349
      1033           156.650734           373.602743
      1034           173.975338           364.757154
      1035           192.041237           356.348991
      1036           209.943634           347.156628
      1037           227.522702           338.184359
      1038           245.130140           329.557805
      1039           263.014104           321.018744
      1040           280.954908           312.097856
      1041           298.823005           303.005529
      1042           316.669028           293.996160
      1043           334.491328           285.008659
      1044           352.065203           276.215788
      1045           369.598463           268.452042
      1046           390.451043           263.575809
      1047           410.247138           251.745896
      1048           411.380490           412.229490
      1049           413.770717           390.561354
      1050           414.087847           370.845456
      1051           414.214199           351.189723
      1052           414.398427           331.691896
      1053           414.471263           312.332386
      1054           413.797178           292.890494
      1055           411.818949           272.857506
      1056           109.735119           412.554597
      1057           129.675028           413.710054
      1058           149.245241           413.939537
      1059           169.435867           413.285627
      1060           189.873750           413.468731
      1061           209.835846           413.589561
      1062           229.746139           413.533286
      1063           249.797219           413.427762
      1064           269.855366           413.378337
      1065           289.854136           413.368912
      1066           309.862588           413.422900
      1067           329.783788           413.327686
      1068           349.565926           412.966122
      1069           369.608920           412.290398
      1070           416.446714           431.258632
      1071           389.745624           412.486678
      1072           139.351707           399.963793
      1073           157.978833           394.490144
      1074           171.913683           381.316429
      1075           190.992025           377.817031
      1076           209.565259           366.572156
      1077           226.629280           357.157001
      1078           243.191463           348.727324
      1079           261.263567           341.706696
      1080           279.917979           332.946077
      1081           297.751151           323.014165
      1082           315.269331           313.810203
      1083           332.915072           304.787356
      1084           350.305601           295.529422
      1085           366.887275           286.719134
      1086           381.045831           279.724083
      1087           398.371154           397.612704
      1088           397.244729           380.586761
      1089           397.169850           361.271326
      1090           397.326353           341.972508
      1091           397.663710           322.719243
      1092           397.596863           303.627018
      1093           396.091541           284.689477
      1094           180.025654           396.153445
      1095           199.952118           396.779984
      1096           219.425579           396.772431
      1097           239.306568           396.059682
      1098           259.461231           395.918328
      1099           279.559894           395.731443
      1100           299.767005           395.916992
      1101           319.825359           395.968814
      1102           339.654797           395.721510
      1103           359.139553           395.372523
      1104           227.828035           377.609010
      1105           240.821575           364.769203
      1106           257.102416           361.456048
      1107           279.396961           356.598777
      1108           297.434083           342.655366
      1109           313.573209           332.854704
      1110           330.730254           324.313397
      1111           348.377944           314.891169
      1112           365.504328           305.163900
      1113           381.413749           295.645027
      1114           380.104002           392.846985
      1115           380.723540           371.926351
      1116           380.364637           352.819830
      1117           380.643950           333.404446
      1118           209.552603           383.110122
      1119           248.917864           378.941332
      1120           269.005566           377.757474
      1121           289.866587           377.716734
      1122           310.275137           378.498180
      1123           330.524817           378.057195
      1124           350.346173           378.609556
      1125           301.628127           361.001043
      1126           312.182212           348.425097
      1127           327.691402           343.401912
      1128           346.145383           334.933425
      1129           364.153581           324.478811
      1130           366.774359           380.588253
      1131           364.003715           364.417150
      1132           381.162697           314.173074
      1133           320.870341           361.234826
      1134           343.210723           357.883920
      1135           363.086998           344.656264
