         1          2          1
         2          2          1
         3          2          1
         4          2          1
         5          2          1
         6          2          1
         7          2          1
         8          2          1
         9          2          1
        10          2          1
        11          2          1
        12          2          1
        13          2          1
        14          2          1
        15          2          1
        16          2          1
        17          2          1
        18          2          1
        19          2          1
        20          2          1
        21          2          1
        22          2          1
        23          2          1
        24          2          1
        25          2          1
        26          2          1
        27          2          1
        28          2          1
        29          2          1
        30          2          1
        31          2          1
        32          2          1
        33          2          1
        34          2          1
        35          2          1
        36          2          1
        37          2          1
        38          2          1
        39          2          1
        40          2          1
        41          2          1
        42          2          1
        43          2          1
        44          2          1
        45          2          1
        46          2          1
        47          2          1
        48          2          1
        49          2          1
        50          2          1
        51          2          1
        52          2          1
        53          2          1
        54          2          1
        55          2          1
        56          2          1
        57          2          1
        58          2          1
        59          2          1
        60          4          1
        61          4          1
        62          4          1
        63          4          1
        64          4          1
        65          4          1
        66          4          1
        67          4          1
        68          4          1
        69          4          1
        70          4          1
        71          4          1
        72          4          1
        73          4          1
        74          4          1
        75          4          1
        76          4          1
        77          4          1
        78          4          1
        79          4          1
        80          4          1
        81          4          1
        82          4          1
        83          4          1
        84          4          1
        85          4          1
        86          4          1
        87          4          1
        88          4          1
        89          4          1
        90          4          1
        91          4          1
        92          4          1
        93          4          1
        94          4          1
        95          4          1
        96          4          1
        97          4          1
        98          4          1
        99          4          1
       100          4          1
       101          4          1
       102          4          1
       103          4          1
       104          4          1
       105          4          1
       106          4          1
       107          4          1
       108          4          1
       109          4          1
       110          4          1
       111          4          1
       112          4          1
       113          4          1
       114          4          1
       115          4          1
       116          4          1
       117          4          1
       118          4          1
       119          4          1
       120          4          1
       121          4          1
       122          4          1
       123          4          1
       124          4          1
       125          4          1
       126          4          1
       127          4          1
       128          4          1
       129          4          1
       130          4          1
       131          4          1
       132          4          1
       133          4          1
       134          4          1
       135          4          1
       136          4          1
       137          4          1
       138          4          1
       139          4          1
       140          4          1
       141          4          1
       142          4          1
       143          4          1
       144          4          1
       145          4          1
       146          4          1
       147          4          1
       148          4          1
       149          4          1
       150          4          1
       151          4          1
       152          4          1
       153          4          1
       154          4          1
       155          4          1
       156          4          1
       157          4          1
       158          4          1
       159          4          1
       160          4          1
       161          4          1
       162          4          1
       163          4          1
       164          4          1
       165          4          1
       166          4          1
       167          4          1
       168          4          1
       169          4          1
       170          4          1
       171          4          1
       172          4          1
       173          4          1
       174          4          1
       175          4          1
       176          4          1
       177          4          1
       178          4          1
       179          4          1
       180          4          1
       181          4          1
       182          4          1
       183          4          1
       184          4          1
       185          4          1
       186          4          1
       187          4          1
       188          4          1
       189          4          1
       190          4          1
       191          4          1
       192          4          1
       193          4          1
       194          4          1
       195          4          1
       196          4          1
       197          4          1
       198          4          1
       199          4          1
       200          4          1
       201          4          1
       202          4          1
       203          2          1
       204          2          1
       205          2          1
       206          2          1
       207          2          1
       208          2          1
       209          2          1
       210          2          1
       211          2          1
       212          2          1
       213          2          1
       214          2          1
       215          2          1
       216          2          1
       217          2          1
       218          2          1
       219          2          1
       220          2          1
       221          2          1
       222          2          1
       223          2          1
       224          2          1
       225          2          1
       226          2          1
       227          2          1
       228          2          1
       229          2          1
       230          2          1
       231          2          1
       232          2          1
       233          2          1
       234          2          1
       235          2          1
       236          2          1
       237          2          1
       238          2          1
       239          2          1
       240          2          1
       241          2          1
       242          2          1
       243          2          1
       244          2          1
       245          2          1
       246          2          1
       247          2          1
       248          2          1
       249          2          1
       250          2          1
       251          2          1
       252          2          1
       253          2          1
       254          2          1
       255          2          1
       256          2          1
       257          2          1
       258          2          1
       259          2          1
       260          2          1
       261          2          1
       262          2          1
       263          2          1
       264          2          1
       265          2          1
       266          2          1
       267          2          1
       268          2          1
       269          2          1
       270          2          1
       271          2          1
       272          2          1
       273          2          1
       274          2          1
       275          2          1
       276          2          1
       277          2          1
       278          2          1
       279          2          1
       280          2          1
       281          2          1
       282          2          1
       283          2          1
       284          2          1
       285          2          1
       286          2          1
       287          2          1
       288          2          1
       289          2          1
       290          2          1
       291          2          1
       292          2          1
       293          2          1
       294          2          1
       295          2          1
       296          2          1
       297          2          1
       298          2          1
       299          2          1
       300          2          1
       301          2          1
       302          2          1
       303          2          1
       304          2          1
       305          2          1
       306          2          1
       307          2          1
       308          2          1
       309          2          1
       310          2          1
       311          2          1
       312          2          1
       313          2          1
       314          2          1
       315          2          1
       316          2          1
       317          2          1
       318          2          1
       319          2          1
       320          2          1
       321          2          1
       322          2          1
       323          2          1
       324          2          1
       325          2          1
       326          2          1
       327          2          1
       328          2          1
       329          2          1
       330          2          1
       331          2          1
       332          2          1
       333          2          1
       334          2          1
       335          2          1
       336          2          1
       337          2          1
       338          2          1
       339          2          1
       340          2          1
       341          2          1
       342          2          1
       343          2          1
       344          2          1
       345          2          1
       346          2          1
       347          2          1
       348          2          1
       349          2          1
       350          2          1
       351          2          1
       352          2          1
       353          2          1
       354          2          1
       355          2          1
       356          2          1
       357          2          1
       358          2          1
       359          2          1
       360          2          1
       361          2          1
       362          2          1
       363          2          1
       364          2          1
       365          2          1
       366          2          1
       367          2          1
       368          2          1
       369          2          1
       370          2          1
       371          2          1
       372          2          1
       373          2          1
       374          2          1
       375          2          1
       376          2          1
       377          2          1
       378          2          1
       379          4          1
       380          4          1
       381          4          1
       382          4          1
       383          4          1
       384          4          1
       385          4          1
       386          4          1
       387          4          1
       388          4          1
       389          4          1
       390          4          1
       391          4          1
       392          4          1
       393          4          1
       394          4          1
       395          4          1
       396          4          1
       397          4          1
       398          4          1
       399          4          1
       400          4          1
       401          4          1
       402          4          1
       403          4          1
       404          4          1
       405          4          1
       406          4          1
       407          4          1
       408          4          1
       409          4          1
       410          4          1
       411          4          1
       412          4          1
       413          4          1
       414          4          1
       415          4          1
       416          4          1
       417          4          1
       418          4          1
       419          4          1
       420          4          1
       421          4          1
       422          4          1
       423          4          1
       424          4          1
       425          4          1
       426          4          1
       427          4          1
       428          4          1
       429          4          1
       430          4          1
       431          4          1
       432          4          1
       433          4          1
       434          4          1
       435          4          1
       436          4          1
       437          4          1
       438          4          1
       439          4          1
       440          4          1
       441          4          1
       442          4          1
       443          4          1
       444          4          1
       445          4          1
       446          4          1
       447          4          1
       448          4          1
       449          4          1
       450          4          1
       451          4          1
       452          4          1
       453          4          1
       454          4          1
       455          4          1
       456          4          1
       457          4          1
       458          4          1
       459          4          1
       460          4          1
       461          4          1
       462          4          1
       463          4          1
       464          4          1
       465          4          1
       466          4          1
       467          4          1
       468          4          1
       469          4          1
       470          4          1
       471          4          1
       472          4          1
       473          4          1
       474          4          1
       475          4          1
       476          4          1
       477          4          1
       478          4          1
       479          4          1
       480          4          1
       481          4          1
       482          4          1
       483          4          1
       484          4          1
       485          4          1
       486          4          1
       487          4          1
       488          4          1
       489          4          1
       490          4          1
       491          4          1
       492          4          1
       493          4          1
       494          4          1
       495          4          1
       496          4          1
       497          4          1
       498          4          1
       499          4          1
       500          4          1
       501          4          1
       502          4          1
       503          4          1
       504          4          1
       505          4          1
       506          4          1
       507          4          1
       508          4          1
       509          4          1
       510          4          1
       511          4          1
       512          4          1
       513          4          1
       514          4          1
       515          4          1
       516          4          1
       517          4          1
       518          4          1
       519          4          1
       520          4          1
       521          4          1
       522          4          1
       523          4          1
       524          4          1
       525          4          1
       526          4          1
       527          4          1
       528          4          1
       529          4          1
       530          4          1
       531          4          1
       532          4          1
       533          4          1
       534          4          1
       535          4          1
       536          4          1
       537          4          1
       538          4          1
       539          4          1
       540          4          1
       541          4          1
       542          4          1
       543          4          1
       544          4          1
       545          4          1
       546          4          1
       547          4          1
       548          4          1
       549          4          1
       550          4          1
       551          4          1
       552          4          1
       553          4          1
       554          4          1
       555          2          1
       556          2          1
       557          2          1
       558          2          1
       559          2          1
       560          2          1
       561          2          1
       562          2          1
       563          2          1
       564          2          1
       565          2          1
       566          2          1
       567          2          1
       568          2          1
       569          2          1
       570          2          1
       571          2          1
       572          2          1
       573          2          1
       574          2          1
       575          2          1
       576          2          1
       577          2          1
       578          2          1
       579          2          1
       580          2          1
       581          2          1
       582          2          1
       583          2          1
       584          2          1
       585          2          1
       586          2          1
       587          2          1
       588          2          1
       589          2          1
       590          2          1
       591          2          1
       592          2          1
       593          2          1
       594          2          1
       595          2          1
       596          2          1
       597          2          1
       598          2          1
       599          2          1
       600          2          1
       601          2          1
       602          2          1
       603          2          1
       604          2          1
       605          2          1
       606          2          1
       607          2          1
       608          2          1
       609          2          1
       610          2          1
       611          2          1
       612          2          1
       613          2          1
       614          2          1
       615          2          1
       616          2          1
       617          2          1
       618          2          1
       619          2          1
       620          2          1
       621          2          1
       622          2          1
       623          2          1
       624          2          1
       625          2          1
       626          2          1
       627          2          1
       628          2          1
       629          2          1
       630          2          1
       631          2          1
       632          2          1
       633          2          1
       634          2          1
       635          2          1
       636          2          1
       637          2          1
       638          2          1
       639          2          1
       640          2          1
       641          2          1
       642          2          1
       643          2          1
       644          2          1
       645          2          1
       646          2          1
       647          2          1
       648          2          1
       649          2          1
       650          2          1
       651          2          1
       652          2          1
       653          2          1
       654          2          1
       655          2          1
       656          2          1
       657          2          1
       658          2          1
       659          2          1
       660          2          1
       661          2          1
       662          2          1
       663          2          1
       664          2          1
       665          2          1
       666          2          1
       667          2          1
       668          2          1
       669          2          1
       670          2          1
       671          2          1
       672          4          1
       673          4          1
       674          4          1
       675          4          1
       676          4          1
       677          4          1
       678          4          1
       679          4          1
       680          4          1
       681          4          1
       682          4          1
       683          4          1
       684          4          1
       685          4          1
       686          4          1
       687          4          1
       688          4          1
       689          4          1
       690          4          1
       691          4          1
       692          4          1
       693          4          1
       694          4          1
       695          4          1
       696          4          1
       697          4          1
       698          4          1
       699          4          1
       700          4          1
       701          4          1
       702          4          1
       703          4          1
       704          4          1
       705          3          0
       706          3          0
       707          3          0
       708          3          0
       709          3          0
       710          3          0
       711          3          0
       712          3          0
       713          3          0
       714          3          0
       715          3          0
       716          3          0
       717          3          0
       718          3          0
       719          3          0
       720          3          0
       721          3          0
       722          3          0
       723          3          0
       724          3          0
       725          3          0
       726          3          0
       727          3          0
       728          3          0
       729          3          0
       730          3          0
       731          3          0
       732          3          0
       733          3          0
       734          3          0
       735          3          0
       736          3          0
       737          3          0
       738          3          0
       739          3          0
       740          3          0
       741          3          0
       742          3          0
       743          3          0
       744          3          0
       745          3          0
       746          3          0
       747          3          0
       748          3          0
       749          3          0
       750          3          0
       751          3          0
       752          3          0
       753          3          0
       754          3          0
       755          3          0
       756          3          0
       757          3          0
       758          3          0
       759          3          0
       760          3          0
       761          3          0
       762          3          0
       763          3          0
       764          3          0
       765          3          0
       766          3          0
       767          3          0
       768          3          0
       769          3          0
       770          3          0
       771          3          0
       772          3          0
       773          3          0
       774          3          0
       775          3          0
       776          3          0
       777          3          0
       778          3          0
       779          3          0
       780          3          0
       781          3          0
       782          3          0
       783          3          0
       784          3          0
       785          3          0
       786          3          0
       787          3          0
       788          3          0
       789          3          0
       790          3          0
       791          3          0
       792          3          0
       793          3          0
       794          3          0
       795          3          0
       796          3          0
       797          3          0
       798          3          0
       799          3          0
       800          3          0
       801          3          0
       802          3          0
       803          3          0
       804          3          0
       805          3          0
       806          3          0
       807          3          0
       808          3          0
       809          3          0
       810          3          0
       811          3          0
       812          3          0
       813          3          0
       814          3          0
       815          3          0
       816          3          0
       817          3          0
       818          3          0
       819          3          0
       820          3          0
       821          3          0
       822          3          0
       823          3          0
       824          3          0
       825          3          0
       826          3          0
       827          3          0
       828          3          0
       829          3          0
       830          3          0
       831          3          0
       832          3          0
       833          3          0
       834          3          0
       835          3          0
       836          3          0
       837          3          0
       838          3          0
       839          3          0
       840          3          0
       841          3          0
       842          3          0
       843          3          0
       844          3          0
       845          3          0
       846          3          0
       847          3          0
       848          3          0
       849          3          0
       850          3          0
       851          3          0
       852          3          0
       853          3          0
       854          3          0
       855          3          0
       856          3          0
       857          3          0
       858          3          0
       859          3          0
       860          3          0
       861          3          0
       862          3          0
       863          3          0
       864          3          0
       865          3          0
       866          3          0
       867          3          0
       868          3          0
       869          3          0
       870          3          0
       871          3          0
       872          3          0
       873          3          0
       874          3          0
       875          3          0
       876          3          0
       877          3          0
       878          3          0
       879          3          0
       880          3          0
       881          3          0
       882          3          0
       883          3          0
       884          3          0
       885          3          0
       886          3          0
       887          3          0
       888          3          0
       889          3          0
       890          3          0
       891          3          0
       892          3          0
       893          3          0
       894          3          0
       895          3          0
       896          3          0
       897          3          0
       898          3          0
       899          3          0
       900          3          0
       901          3          0
       902          3          0
       903          3          0
       904          3          0
       905          3          0
       906          3          0
       907          3          0
       908          3          0
       909          3          0
       910          3          0
       911          3          0
       912          3          0
       913          3          0
       914          3          0
       915          3          0
       916          3          0
       917          3          0
       918          3          0
       919          3          0
       920          3          0
       921          3          0
       922          3          0
       923          3          0
       924          3          0
       925          3          0
       926          3          0
       927          3          0
       928          3          0
       929          3          0
       930          3          0
       931          3          0
       932          3          0
       933          3          0
       934          3          0
       935          3          0
       936          3          0
       937          3          0
       938          3          0
       939          3          0
       940          3          0
       941          3          0
       942          3          0
       943          3          0
       944          3          0
       945          3          0
       946          3          0
       947          3          0
       948          3          0
       949          3          0
       950          3          0
       951          3          0
       952          3          0
       953          3          0
       954          3          0
       955          3          0
       956          3          0
       957          3          0
       958          3          0
       959          3          0
       960          3          0
       961          3          0
       962          3          0
       963          3          0
       964          3          0
       965          3          0
       966          3          0
       967          3          0
       968          3          0
       969          3          0
       970          3          0
       971          3          0
       972          3          0
       973          3          0
       974          3          0
       975          3          0
       976          3          0
       977          3          0
       978          3          0
       979          3          0
       980          3          0
       981          3          0
       982          3          0
       983          3          0
       984          3          0
       985          3          0
       986          3          0
       987          3          0
       988          3          0
       989          3          0
       990          3          0
       991          3          0
       992          3          0
       993          3          0
       994          3          0
       995          3          0
       996          3          0
       997          3          0
       998          3          0
       999          3          0
      1000          3          0
      1001          3          0
      1002          3          0
      1003          3          0
      1004          3          0
      1005          3          0
      1006          3          0
      1007          3          0
      1008          3          0
      1009          3          0
      1010          3          0
      1011          3          0
      1012          3          0
      1013          3          0
      1014          3          0
      1015          3          0
      1016          3          0
      1017          3          0
      1018          3          0
      1019          3          0
      1020          3          0
      1021          3          0
      1022          3          0
      1023          3          0
      1024          3          0
      1025          3          0
      1026          3          0
      1027          3          0
      1028          3          0
      1029          3          0
      1030          3          0
      1031          3          0
      1032          3          0
      1033          3          0
      1034          3          0
      1035          3          0
      1036          3          0
      1037          3          0
      1038          3          0
      1039          3          0
      1040          3          0
      1041          3          0
      1042          3          0
      1043          3          0
      1044          3          0
      1045          3          0
      1046          3          0
      1047          3          0
      1048          3          0
      1049          3          0
      1050          3          0
      1051          3          0
      1052          3          0
      1053          3          0
      1054          3          0
      1055          3          0
      1056          3          0
      1057          3          0
      1058          3          0
      1059          3          0
      1060          3          0
      1061          3          0
      1062          3          0
      1063          3          0
      1064          3          0
      1065          3          0
      1066          3          0
      1067          3          0
      1068          3          0
      1069          3          0
      1070          3          0
      1071          3          0
      1072          3          0
      1073          3          0
      1074          3          0
      1075          3          0
      1076          3          0
      1077          3          0
      1078          3          0
      1079          3          0
      1080          3          0
      1081          3          0
      1082          3          0
      1083          3          0
      1084          3          0
      1085          3          0
      1086          3          0
      1087          3          0
      1088          3          0
      1089          3          0
      1090          3          0
      1091          3          0
      1092          3          0
      1093          3          0
      1094          3          0
      1095          3          0
      1096          3          0
      1097          3          0
      1098          3          0
      1099          3          0
      1100          3          0
      1101          3          0
      1102          3          0
      1103          3          0
      1104          3          0
      1105          3          0
      1106          3          0
      1107          3          0
      1108          3          0
      1109          3          0
      1110          3          0
      1111          3          0
      1112          3          0
      1113          3          0
      1114          3          0
      1115          3          0
      1116          3          0
      1117          3          0
      1118          3          0
      1119          3          0
      1120          3          0
      1121          3          0
      1122          3          0
      1123          3          0
      1124          3          0
      1125          3          0
      1126          3          0
      1127          3          0
      1128          3          0
      1129          3          0
      1130          3          0
      1131          3          0
      1132          3          0
      1133          3          0
      1134          3          0
      1135          3          0
      1136          3          0
      1137          3          0
      1138          3          0
      1139          3          0
      1140          3          0
      1141          3          0
      1142          3          0
      1143          3          0
      1144          3          0
      1145          3          0
      1146          3          0
      1147          3          0
      1148          3          0
      1149          3          0
      1150          3          0
      1151          3          0
      1152          3          0
      1153          3          0
      1154          3          0
      1155          3          0
      1156          3          0
      1157          3          0
      1158          3          0
      1159          3          0
      1160          3          0
      1161          3          0
      1162          3          0
      1163          3          0
      1164          3          0
      1165          3          0
      1166          3          0
      1167          3          0
      1168          3          0
      1169          3          0
      1170          3          0
      1171          3          0
      1172          3          0
      1173          3          0
      1174          3          0
      1175          3          0
      1176          3          0
      1177          3          0
      1178          3          0
      1179          3          0
      1180          3          0
      1181          3          0
      1182          3          0
      1183          3          0
      1184          3          0
      1185          3          0
      1186          3          0
      1187          3          0
      1188          3          0
      1189          3          0
      1190          3          0
      1191          3          0
      1192          3          0
      1193          3          0
      1194          3          0
      1195          3          0
      1196          3          0
      1197          3          0
      1198          3          0
      1199          3          0
      1200          3          0
      1201          3          0
      1202          3          0
      1203          3          0
      1204          3          0
      1205          3          0
      1206          3          0
      1207          3          0
      1208          3          0
      1209          3          0
      1210          3          0
      1211          3          0
      1212          3          0
      1213          3          0
      1214          3          0
      1215          3          0
      1216          3          0
      1217          3          0
      1218          3          0
      1219          3          0
      1220          3          0
      1221          3          0
      1222          3          0
      1223          3          0
      1224          3          0
      1225          3          0
      1226          3          0
      1227          3          0
      1228          3          0
      1229          3          0
      1230          3          0
      1231          3          0
      1232          3          0
      1233          3          0
      1234          3          0
      1235          3          0
      1236          3          0
      1237          3          0
      1238          3          0
      1239          3          0
      1240          3          0
      1241          3          0
      1242          3          0
      1243          3          0
      1244          3          0
      1245          3          0
      1246          3          0
      1247          3          0
      1248          3          0
      1249          3          0
      1250          3          0
      1251          3          0
      1252          3          0
      1253          3          0
      1254          3          0
      1255          3          0
      1256          3          0
      1257          3          0
      1258          3          0
      1259          3          0
      1260          3          0
      1261          3          0
      1262          3          0
      1263          3          0
      1264          3          0
      1265          3          0
      1266          3          0
      1267          3          0
      1268          3          0
      1269          3          0
      1270          3          0
      1271          3          0
      1272          3          0
      1273          3          0
      1274          3          0
      1275          3          0
      1276          3          0
      1277          3          0
      1278          3          0
      1279          3          0
      1280          3          0
      1281          3          0
      1282          3          0
      1283          3          0
      1284          3          0
      1285          3          0
      1286          3          0
      1287          3          0
      1288          3          0
      1289          3          0
      1290          3          0
      1291          3          0
      1292          3          0
      1293          3          0
      1294          3          0
      1295          3          0
      1296          3          0
      1297          3          0
      1298          3          0
      1299          3          0
      1300          3          0
      1301          3          0
      1302          3          0
      1303          3          0
      1304          3          0
      1305          3          0
      1306          3          0
      1307          3          0
      1308          3          0
      1309          3          0
      1310          3          0
      1311          3          0
      1312          3          0
      1313          3          0
      1314          3          0
      1315          3          0
      1316          3          0
      1317          3          0
      1318          3          0
      1319          3          0
      1320          3          0
      1321          3          0
      1322          3          0
      1323          3          0
      1324          3          0
      1325          3          0
      1326          3          0
      1327          3          0
      1328          3          0
      1329          3          0
      1330          3          0
      1331          3          0
      1332          3          0
      1333          3          0
      1334          3          0
      1335          3          0
      1336          3          0
      1337          3          0
      1338          3          0
      1339          3          0
      1340          3          0
      1341          3          0
      1342          3          0
      1343          3          0
      1344          3          0
      1345          3          0
      1346          3          0
      1347          3          0
      1348          3          0
      1349          3          0
      1350          3          0
      1351          3          0
      1352          3          0
      1353          3          0
      1354          3          0
      1355          3          0
      1356          3          0
      1357          3          0
      1358          3          0
      1359          3          0
      1360          3          0
      1361          3          0
      1362          3          0
      1363          3          0
      1364          3          0
      1365          3          0
      1366          3          0
      1367          3          0
      1368          3          0
      1369          3          0
      1370          3          0
      1371          3          0
      1372          3          0
      1373          3          0
      1374          3          0
      1375          3          0
      1376          3          0
      1377          3          0
      1378          3          0
      1379          3          0
      1380          3          0
      1381          3          0
      1382          3          0
      1383          3          0
      1384          3          0
      1385          3          0
      1386          3          0
      1387          3          0
      1388          3          0
      1389          3          0
      1390          3          0
      1391          3          0
      1392          3          0
      1393          3          0
      1394          3          0
      1395          3          0
      1396          3          0
      1397          3          0
      1398          3          0
      1399          3          0
      1400          3          0
      1401          3          0
      1402          3          0
      1403          3          0
      1404          3          0
      1405          3          0
      1406          3          0
      1407          3          0
      1408          3          0
      1409          3          0
      1410          3          0
      1411          3          0
      1412          3          0
      1413          3          0
      1414          3          0
      1415          3          0
      1416          3          0
      1417          3          0
      1418          3          0
      1419          3          0
      1420          3          0
      1421          3          0
      1422          3          0
      1423          1          0
      1424          1          0
      1425          1          0
      1426          1          0
      1427          1          0
      1428          1          0
      1429          1          0
      1430          1          0
      1431          1          0
      1432          1          0
      1433          1          0
      1434          1          0
      1435          1          0
      1436          1          0
      1437          1          0
      1438          1          0
      1439          1          0
      1440          1          0
      1441          1          0
      1442          1          0
      1443          1          0
      1444          1          0
      1445          1          0
      1446          1          0
      1447          1          0
      1448          1          0
      1449          1          0
      1450          1          0
      1451          1          0
      1452          1          0
      1453          1          0
      1454          1          0
      1455          1          0
      1456          1          0
      1457          1          0
      1458          1          0
      1459          1          0
      1460          1          0
      1461          1          0
      1462          1          0
      1463          1          0
      1464          1          0
      1465          1          0
      1466          1          0
      1467          1          0
      1468          1          0
      1469          1          0
      1470          1          0
      1471          1          0
      1472          1          0
      1473          1          0
      1474          1          0
      1475          1          0
      1476          1          0
      1477          1          0
      1478          1          0
      1479          1          0
      1480          1          0
      1481          1          0
      1482          1          0
      1483          1          0
      1484          1          0
      1485          1          0
      1486          1          0
      1487          1          0
      1488          1          0
      1489          1          0
      1490          1          0
      1491          1          0
      1492          1          0
      1493          1          0
      1494          1          0
      1495          1          0
      1496          1          0
      1497          1          0
      1498          1          0
      1499          1          0
      1500          1          0
      1501          1          0
      1502          1          0
      1503          1          0
      1504          1          0
      1505          1          0
      1506          1          0
      1507          1          0
      1508          1          0
      1509          1          0
      1510          1          0
      1511          1          0
      1512          1          0
      1513          1          0
      1514          1          0
      1515          1          0
      1516          1          0
      1517          1          0
      1518          1          0
      1519          1          0
      1520          1          0
      1521          1          0
      1522          1          0
      1523          1          0
      1524          1          0
      1525          1          0
      1526          1          0
      1527          1          0
      1528          1          0
      1529          1          0
      1530          1          0
      1531          1          0
      1532          1          0
      1533          1          0
      1534          1          0
      1535          1          0
      1536          1          0
      1537          1          0
      1538          1          0
      1539          1          0
      1540          1          0
      1541          1          0
      1542          1          0
      1543          1          0
      1544          1          0
      1545          1          0
      1546          1          0
      1547          1          0
      1548          1          0
      1549          1          0
      1550          1          0
      1551          1          0
      1552          1          0
      1553          1          0
      1554          1          0
      1555          1          0
      1556          1          0
      1557          1          0
      1558          1          0
      1559          1          0
      1560          1          0
      1561          1          0
      1562          1          0
      1563          1          0
      1564          1          0
      1565          1          0
      1566          1          0
      1567          1          0
      1568          1          0
      1569          1          0
      1570          1          0
      1571          1          0
      1572          1          0
      1573          1          0
      1574          1          0
      1575          1          0
      1576          1          0
      1577          1          0
      1578          1          0
      1579          1          0
      1580          1          0
      1581          1          0
      1582          1          0
      1583          1          0
      1584          1          0
      1585          1          0
      1586          1          0
      1587          1          0
      1588          1          0
      1589          1          0
      1590          1          0
      1591          1          0
      1592          1          0
      1593          1          0
      1594          1          0
      1595          1          0
      1596          1          0
      1597          1          0
      1598          1          0
      1599          1          0
      1600          1          0
      1601          1          0
      1602          1          0
      1603          1          0
      1604          1          0
      1605          1          0
      1606          1          0
      1607          1          0
      1608          1          0
      1609          1          0
      1610          1          0
      1611          1          0
      1612          1          0
      1613          1          0
      1614          1          0
      1615          1          0
      1616          1          0
      1617          1          0
      1618          1          0
      1619          1          0
      1620          1          0
      1621          1          0
      1622          1          0
      1623          1          0
      1624          1          0
      1625          1          0
      1626          1          0
      1627          1          0
      1628          1          0
      1629          1          0
      1630          1          0
      1631          1          0
      1632          1          0
      1633          1          0
      1634          1          0
      1635          1          0
      1636          1          0
      1637          1          0
      1638          1          0
      1639          1          0
      1640          1          0
      1641          1          0
      1642          1          0
      1643          1          0
      1644          1          0
      1645          1          0
      1646          1          0
      1647          1          0
      1648          1          0
      1649          1          0
      1650          1          0
      1651          1          0
      1652          1          0
      1653          1          0
      1654          1          0
      1655          1          0
      1656          1          0
      1657          1          0
      1658          1          0
      1659          1          0
      1660          1          0
      1661          1          0
      1662          1          0
      1663          1          0
      1664          1          0
      1665          1          0
      1666          1          0
      1667          1          0
      1668          1          0
      1669          1          0
      1670          1          0
      1671          1          0
      1672          1          0
      1673          1          0
      1674          1          0
      1675          1          0
      1676          1          0
      1677          1          0
      1678          1          0
      1679          1          0
      1680          1          0
      1681          1          0
      1682          1          0
      1683          1          0
      1684          1          0
      1685          1          0
      1686          1          0
      1687          1          0
      1688          1          0
      1689          1          0
      1690          1          0
      1691          1          0
      1692          1          0
      1693          1          0
      1694          1          0
      1695          1          0
      1696          1          0
      1697          1          0
      1698          1          0
      1699          1          0
      1700          1          0
      1701          1          0
      1702          1          0
      1703          1          0
      1704          1          0
      1705          1          0
      1706          1          0
      1707          1          0
      1708          1          0
      1709          1          0
      1710          1          0
      1711          1          0
      1712          1          0
      1713          1          0
      1714          1          0
      1715          1          0
      1716          1          0
      1717          1          0
      1718          1          0
      1719          1          0
      1720          1          0
      1721          1          0
      1722          1          0
      1723          1          0
      1724          1          0
      1725          1          0
      1726          1          0
      1727          1          0
      1728          1          0
      1729          1          0
      1730          1          0
      1731          1          0
      1732          1          0
      1733          1          0
      1734          1          0
      1735          1          0
      1736          1          0
      1737          1          0
      1738          1          0
      1739          1          0
      1740          1          0
      1741          1          0
      1742          1          0
      1743          1          0
      1744          1          0
      1745          1          0
      1746          1          0
      1747          1          0
      1748          1          0
      1749          1          0
      1750          1          0
      1751          1          0
      1752          1          0
      1753          1          0
      1754          1          0
      1755          1          0
      1756          1          0
      1757          1          0
      1758          1          0
      1759          1          0
      1760          1          0
      1761          1          0
      1762          1          0
      1763          1          0
      1764          1          0
      1765          1          0
      1766          1          0
      1767          1          0
      1768          1          0
      1769          1          0
      1770          1          0
      1771          1          0
      1772          1          0
      1773          1          0
      1774          1          0
      1775          1          0
      1776          1          0
      1777          1          0
      1778          1          0
      1779          1          0
      1780          1          0
      1781          1          0
      1782          1          0
      1783          1          0
      1784          1          0
      1785          1          0
      1786          1          0
      1787          1          0
      1788          1          0
      1789          1          0
      1790          1          0
      1791          1          0
      1792          1          0
      1793          1          0
      1794          1          0
      1795          1          0
      1796          1          0
      1797          1          0
      1798          1          0
      1799          1          0
      1800          1          0
      1801          1          0
      1802          1          0
      1803          1          0
      1804          1          0
      1805          1          0
      1806          1          0
      1807          1          0
      1808          1          0
      1809          1          0
      1810          1          0
      1811          1          0
      1812          1          0
      1813          1          0
      1814          1          0
      1815          1          0
      1816          1          0
      1817          1          0
      1818          1          0
      1819          1          0
      1820          1          0
      1821          1          0
      1822          1          0
      1823          1          0
      1824          1          0
      1825          1          0
      1826          1          0
      1827          1          0
      1828          1          0
      1829          1          0
      1830          1          0
      1831          1          0
      1832          1          0
      1833          1          0
      1834          1          0
      1835          1          0
      1836          1          0
      1837          1          0
      1838          1          0
      1839          1          0
      1840          1          0
      1841          1          0
      1842          1          0
      1843          1          0
      1844          1          0
      1845          1          0
      1846          1          0
      1847          1          0
      1848          1          0
      1849          1          0
      1850          1          0
      1851          1          0
      1852          1          0
      1853          1          0
      1854          1          0
      1855          1          0
      1856          1          0
      1857          1          0
      1858          1          0
      1859          1          0
      1860          1          0
      1861          1          0
      1862          1          0
      1863          1          0
      1864          1          0
      1865          1          0
      1866          1          0
      1867          1          0
      1868          1          0
      1869          1          0
      1870          1          0
      1871          1          0
      1872          1          0
      1873          1          0
      1874          1          0
      1875          1          0
      1876          1          0
      1877          1          0
      1878          1          0
      1879          1          0
      1880          1          0
      1881          1          0
      1882          1          0
      1883          1          0
      1884          1          0
      1885          1          0
      1886          1          0
      1887          1          0
      1888          1          0
      1889          1          0
      1890          1          0
      1891          1          0
      1892          1          0
      1893          1          0
      1894          1          0
      1895          1          0
      1896          1          0
      1897          1          0
      1898          1          0
      1899          1          0
      1900          1          0
      1901          1          0
      1902          1          0
      1903          1          0
      1904          1          0
      1905          1          0
      1906          1          0
      1907          1          0
      1908          1          0
      1909          1          0
      1910          1          0
      1911          1          0
      1912          1          0
      1913          1          0
      1914          1          0
      1915          1          0
      1916          1          0
      1917          1          0
      1918          1          0
      1919          1          0
      1920          1          0
      1921          1          0
      1922          1          0
      1923          1          0
      1924          1          0
      1925          1          0
      1926          1          0
      1927          1          0
      1928          1          0
      1929          1          0
      1930          1          0
      1931          1          0
      1932          1          0
      1933          1          0
      1934          1          0
      1935          1          0
      1936          1          0
      1937          1          0
      1938          1          0
      1939          1          0
      1940          1          0
      1941          1          0
      1942          1          0
      1943          1          0
      1944          1          0
      1945          1          0
      1946          1          0
      1947          1          0
      1948          1          0
      1949          1          0
      1950          1          0
      1951          1          0
      1952          1          0
      1953          1          0
      1954          1          0
      1955          1          0
      1956          1          0
      1957          1          0
      1958          1          0
      1959          1          0
      1960          1          0
      1961          1          0
      1962          1          0
      1963          1          0
      1964          1          0
      1965          1          0
      1966          1          0
      1967          1          0
      1968          1          0
      1969          1          0
      1970          1          0
      1971          1          0
      1972          1          0
      1973          1          0
      1974          1          0
      1975          1          0
      1976          1          0
      1977          1          0
      1978          1          0
      1979          1          0
      1980          1          0
      1981          1          0
      1982          1          0
      1983          1          0
      1984          1          0
      1985          1          0
      1986          1          0
      1987          1          0
      1988          1          0
      1989          1          0
      1990          1          0
      1991          1          0
      1992          1          0
      1993          1          0
      1994          1          0
      1995          1          0
      1996          1          0
      1997          1          0
      1998          1          0
      1999          1          0
      2000          1          0
      2001          1          0
      2002          1          0
      2003          1          0
      2004          1          0
      2005          1          0
      2006          1          0
      2007          1          0
      2008          1          0
      2009          1          0
      2010          1          0
      2011          1          0
      2012          1          0
      2013          1          0
      2014          1          0
      2015          1          0
      2016          1          0
      2017          1          0
      2018          1          0
      2019          1          0
      2020          1          0
      2021          1          0
      2022          1          0
      2023          1          0
      2024          1          0
      2025          1          0
      2026          1          0
      2027          1          0
      2028          1          0
      2029          1          0
      2030          1          0
      2031          1          0
      2032          1          0
      2033          1          0
      2034          1          0
      2035          1          0
      2036          1          0
      2037          1          0
      2038          1          0
      2039          1          0
      2040          1          0
      2041          1          0
      2042          1          0
      2043          1          0
      2044          1          0
      2045          1          0
      2046          1          0
      2047          1          0
      2048          1          0
      2049          1          0
      2050          1          0
      2051          1          0
      2052          1          0
      2053          1          0
      2054          1          0
      2055          1          0
      2056          1          0
      2057          1          0
      2058          1          0
      2059          1          0
      2060          1          0
      2061          1          0
      2062          1          0
      2063          1          0
      2064          1          0
      2065          1          0
      2066          1          0
      2067          1          0
      2068          1          0
      2069          1          0
      2070          1          0
      2071          1          0
      2072          1          0
      2073          1          0
      2074          1          0
      2075          1          0
      2076          1          0
      2077          1          0
      2078          1          0
      2079          1          0
      2080          1          0
      2081          1          0
      2082          1          0
      2083          1          0
      2084          1          0
      2085          1          0
      2086          1          0
      2087          1          0
      2088          1          0
      2089          1          0
      2090          1          0
      2091          1          0
      2092          1          0
      2093          1          0
      2094          1          0
      2095          1          0
      2096          1          0
      2097          1          0
      2098          1          0
      2099          1          0
      2100          1          0
      2101          1          0
      2102          1          0
      2103          1          0
      2104          1          0
      2105          1          0
      2106          1          0
      2107          1          0
      2108          1          0
      2109          1          0
      2110          1          0
      2111          1          0
      2112          1          0
      2113          1          0
      2114          1          0
      2115          1          0
      2116          1          0
      2117          1          0
      2118          1          0
      2119          1          0
      2120          1          0
      2121          1          0
      2122          1          0
      2123          1          0
      2124          1          0
      2125          1          0
      2126          1          0
      2127          1          0
      2128          1          0
      2129          1          0
      2130          1          0
      2131          1          0
      2132          1          0
      2133          1          0
      2134          1          0
      2135          1          0
      2136          1          0
      2137          1          0
      2138          1          0
      2139          1          0
      2140          1          0
      2141          1          0
      2142          1          0
      2143          1          0
      2144          1          0
