2144
         1         18          4          2
         2         17         13         16
         3          6          7         14
         4          6         18          2
         5         13          3          4
         6          9         19          5
         7         20         10          8
         8         11         20          8
         9          3         13         17
        10          1          3         17
        11         19          9         15
        12          6         14         18
        13          9         10         15
        14         19          7          5
        15         13         14         15
        16         11         16         20
        17         13         15         16
        18         11         12         16
        19         12          1         17
        20         12         17         16
        21         13          4         18
        22         13         18         14
        23         14          7         19
        24         14         19         15
        25         15         10         20
        26         15         20         16
        27          8         28         11
        28         34         36         42
        29         33         21         22
        30         23         24         36
        31         35         23         36
        32         39         28         40
        33         32         34         27
        34         28         29         40
        35         11         28         39
        36          1         12         26
        37         38         40         41
        38         37         41         42
        39         41         30         42
        40         31         34         42
        41         22         35         33
        42         33         35         32
        43         34         31         27
        44         22         23         35
        45         35         34         32
        46         25         37         24
        47         36         34         35
        48         26         38         25
        49         37         36         24
        50         12         39         26
        51         38         37         25
        52         12         11         39
        53         39         38         26
        54         38         39         40
        55         40         29         41
        56         29         30         41
        57         37         38         41
        58         30         31         42
        59         36         37         42
        60         49         56         48
        61         62         53         58
        62         48         56         60
        63         48         60         44
        64         61         56         49
        65         51         61         47
        66         55         45         46
        67         53         62         50
        68         59         55         58
        69         43         45         59
        70         53         54         58
        71         57         61         51
        72         60         46         44
        73         51         52         57
        74         57         58         56
        75         62         52         50
        76         58         55         56
        77         54         43         59
        78         45         55         59
        79         59         58         54
        80         55         46         60
        81         55         60         56
        82         57         56         61
        83         61         49         47
        84         57         52         62
        85         57         62         58
        86         66         67        105
        87        108        130        131
        88         72         73        111
        89         63         64        102
        90         99        101        136
        91         43         63         45
        92        103        135        136
        93        105        133        134
        94         69         70        108
        95         90        128        127
        96        111        127        128
        97         75         76        114
        98        114        124        125
        99        123         86        124
       100        115        123        124
       101        122         85        123
       102        116        122        123
       103        121        122        117
       104         80        100        118
       105        117         79        118
       106         33         32        119
       107        119         82        120
       108         21         33        100
       109         27         81         32
       110        100         33        119
       111         79         80        118
       112         87        125        124
       113        125        126        113
       114        126        127        112
       115         75        113         74
       116        128        129        110
       117        129        130        109
       118         72        110         71
       119         93        131        130
       120        131        132        107
       121        132        133        106
       122         69        107         68
       123         96        134        133
       124        134        135        104
       125         98         99        136
       126        102        103        136
       127         45        101         46
       128         44         46         99
       129         80         21        100
       130        118        100        120
       131         45         63        101
       132        101         99         46
       133         64         65        103
       134        101         63        102
       135         65         66        104
       136        102         64        103
       137        103         65        104
       138        134         96         97
       139         67         68        106
       140        104         66        105
       141        105         67        106
       142        132         94         95
       143        107        106         68
       144        131         93         94
       145         70         71        109
       146        107         69        108
       147        108         70        109
       148        129         91         92
       149        110        109         71
       150        128         90         91
       151         73         74        112
       152        110         72        111
       153        111         73        112
       154        126         88         89
       155        113        112         74
       156        125         87         88
       157         76         77        115
       158        113         75        114
       159         78        116         77
       160        114         76        115
       161         79        117         78
       162        116        115         77
       163        117        116         78
       164        121         83         84
       165        120        121        118
       166        100        119        120
       167         81         82        119
       168         81        119         32
       169         83        121        120
       170         83        120         82
       171        121        117        118
       172        121         84        122
       173         84         85        122
       174        122        116        117
       175         85         86        123
       176        115        116        123
       177         86         87        124
       178        114        115        124
       179        113        114        125
       180         88        126        125
       181        126        112        113
       182        126         89        127
       183         89         90        127
       184        127        111        112
       185        110        111        128
       186         91        129        128
       187        129        109        110
       188        129         92        130
       189         92         93        130
       190        130        108        109
       191        107        108        131
       192         94        132        131
       193        132        106        107
       194        132         95        133
       195         95         96        133
       196        133        105        106
       197        104        105        134
       198        134         97        135
       199         97         98        135
       200        135        103        104
       201        135         98        136
       202        136        101        102
       203        142        143        150
       204        152        149        150
       205        154        142        150
       206        145        155        141
       207        138        142        154
       208        149        139        140
       209        151        152        150
       210        147        156        144
       211        139        149        153
       212        137        139        153
       213        156        146        144
       214        140        138        154
       215        145        146        151
       216        155        143        141
       217        155        145        151
       218        148        152        147
       219        153        149        152
       220        156        151        146
       221        148        137        153
       222        148        153        152
       223        149        140        154
       224        149        154        150
       225        150        143        155
       226        150        155        151
       227        152        151        156
       228        152        156        147
       229        211        163        212
       230        247        248        211
       231        206        158        207
       232        137        157        139
       233        158        206        157
       234        206        207        252
       235        250        251        208
       236        208        160        209
       237        244        245        214
       238        214        166        215
       239        204        138        140
       240        241        242        217
       241        217        169        218
       242        238        239        220
       243        237        238        221
       244        221        173        222
       245        235        236        223
       246        234        235        224
       247        223        175        224
       248        233        234        225
       249        226        232        233
       250        232        184        233
       251        227        231        232
       252        231        183        232
       253        228        230        231
       254        229        181        230
       255        228        180        229
       256          2          4        180
       257          3          1        181
       258          4          3        229
       259        224        176        225
       260        235        186        187
       261        236        237        222
       262        220        172        221
       263        238        189        190
       264        239        191        240
       265        219        239        240
       266        218        240        241
       267        241        192        193
       268        242        194        243
       269        216        242        243
       270        215        243        244
       271        244        195        196
       272        245        197        246
       273        213        245        246
       274        212        246        247
       275        247        198        199
       276        248        200        249
       277        210        248        249
       278        209        249        250
       279        250        201        202
       280        207        251        252
       281        204        205        252
       282        139        205        140
       283        139        157        205
       284        205        204        140
       285        158        159        207
       286        206        205        157
       287        203        204        252
       288        160        208        159
       289        160        161        209
       290        208        207        159
       291        249        201        250
       292        162        210        161
       293        163        211        162
       294        210        209        161
       295        163        164        212
       296        211        210        162
       297        246        198        247
       298        165        213        164
       299        166        214        165
       300        213        212        164
       301        166        167        215
       302        214        213        165
       303        243        195        244
       304        168        216        167
       305        169        217        168
       306        216        215        167
       307        169        170        218
       308        217        216        168
       309        240        192        241
       310        171        219        170
       311        172        220        171
       312        219        218        170
       313        172        173        221
       314        220        219        171
       315        237        188        189
       316        173        174        222
       317        236        187        188
       318        175        223        174
       319        175        176        224
       320        223        222        174
       321        234        185        186
       322        176        177        225
       323        233        184        185
       324        178        226        177
       325        179        227        178
       326        226        225        177
       327        180        228        179
       328        227        226        178
       329        180          4        229
       330        228        227        179
       331        181        182        230
       332        181        229          3
       333        228        229        230
       334        230        182        231
       335        182        183        231
       336        227        228        231
       337        183        184        232
       338        226        227        232
       339        225        226        233
       340        233        185        234
       341        234        224        225
       342        234        186        235
       343        235        223        224
       344        235        187        236
       345        236        222        223
       346        236        188        237
       347        237        221        222
       348        237        189        238
       349        238        220        221
       350        238        190        239
       351        190        191        239
       352        239        219        220
       353        191        192        240
       354        218        219        240
       355        217        218        241
       356        241        193        242
       357        193        194        242
       358        242        216        217
       359        194        195        243
       360        215        216        243
       361        214        215        244
       362        244        196        245
       363        196        197        245
       364        245        213        214
       365        197        198        246
       366        212        213        246
       367        211        212        247
       368        247        199        248
       369        199        200        248
       370        248        210        211
       371        200        201        249
       372        209        210        249
       373        208        209        250
       374        250        202        251
       375        202        203        251
       376        251        207        208
       377        251        203        252
       378        252        205        206
       379        259        266        258
       380        265        255        256
       381        258        266        270
       382        261        271        257
       383        254        258        270
       384        265        266        267
       385        263        264        268
       386        263        272        260
       387        269        265        268
       388        253        255        269
       389        272        263        268
       390        267        271        261
       391        256        254        270
       392        261        262        267
       393        272        262        260
       394        271        266        259
       395        265        267        268
       396        264        253        269
       397        255        265        269
       398        269        268        264
       399        265        256        270
       400        265        270        266
       401        267        266        271
       402        271        259        257
       403        267        262        272
       404        267        272        268
       405        327        279        328
       406        363        364        327
       407        322        274        323
       408        253        273        255
       409        255        273        321
       410        367        368        322
       411        324        366        323
       412        324        276        325
       413        360        361        330
       414        330        282        331
       415        320        254        256
       416        357        358        333
       417        333        285        334
       418        354        355        336
       419        353        354        337
       420        337        289        338
       421        351        352        339
       422        350        351        340
       423        339        291        340
       424        349        350        341
       425        342        348        349
       426        348        300        349
       427        343        347        348
       428        347        299        348
       429        344        346        347
       430        345        297        346
       431        344        296        345
       432         43         54        296
       433         53         50        297
       434         54         53        345
       435        340        292        341
       436        351        302        303
       437        352        353        338
       438        336        288        337
       439        354        305        306
       440        355        307        356
       441        335        355        356
       442        334        356        357
       443        357        308        309
       444        358        310        359
       445        332        358        359
       446        331        359        360
       447        360        311        312
       448        361        313        362
       449        329        361        362
       450        328        362        363
       451        363        314        315
       452        364        316        365
       453        326        364        365
       454        325        365        366
       455        366        317        318
       456        322        323        367
       457        320        321        368
       458        274        322        273
       459        256        255        321
       460        256        321        320
       461        274        275        323
       462        322        321        273
       463        319        320        368
       464        276        324        275
       465        276        277        325
       466        324        323        275
       467        365        317        366
       468        278        326        277
       469        279        327        278
       470        326        325        277
       471        279        280        328
       472        327        326        278
       473        362        314        363
       474        281        329        280
       475        282        330        281
       476        329        328        280
       477        282        283        331
       478        330        329        281
       479        359        311        360
       480        284        332        283
       481        285        333        284
       482        332        331        283
       483        285        286        334
       484        333        332        284
       485        356        308        357
       486        287        335        286
       487        288        336        287
       488        335        334        286
       489        288        289        337
       490        336        335        287
       491        353        304        305
       492        289        290        338
       493        352        303        304
       494        291        339        290
       495        291        292        340
       496        339        338        290
       497        350        301        302
       498        292        293        341
       499        349        300        301
       500        294        342        293
       501        295        343        294
       502        342        341        293
       503        296        344        295
       504        343        342        294
       505        296         54        345
       506        344        343        295
       507        297        298        346
       508        297        345         53
       509        344        345        346
       510        346        298        347
       511        298        299        347
       512        343        344        347
       513        299        300        348
       514        342        343        348
       515        341        342        349
       516        349        301        350
       517        350        340        341
       518        350        302        351
       519        351        339        340
       520        351        303        352
       521        352        338        339
       522        352        304        353
       523        353        337        338
       524        353        305        354
       525        354        336        337
       526        354        306        355
       527        306        307        355
       528        355        335        336
       529        307        308        356
       530        334        335        356
       531        333        334        357
       532        357        309        358
       533        309        310        358
       534        358        332        333
       535        310        311        359
       536        331        332        359
       537        330        331        360
       538        360        312        361
       539        312        313        361
       540        361        329        330
       541        313        314        362
       542        328        329        362
       543        327        328        363
       544        363        315        364
       545        315        316        364
       546        364        326        327
       547        316        317        365
       548        325        326        365
       549        324        325        366
       550        366        318        367
       551        318        319        367
       552        323        366        367
       553        367        319        368
       554        368        321        322
       555        443        407        444
       556        439        440        417
       557        437        401        438
       558        411        446        370
       559        411        412        445
       560        442        443        414
       561        440        404        441
       562        409        141        143
       563        436        437        420
       564        434        398        435
       565        433        434        423
       566        432        433        424
       567        385        386        426
       568        431        432        425
       569        426        430        431
       570        410        427        387
       571        429        430        427
       572        387        369        410
       573        410        389        428
       574        392        429        428
       575        369        389        410
       576        390        388        391
       577        394        431        430
       578        384        385        425
       579        383        384        424
       580        422        434        435
       581        421        435        436
       582        399        436        435
       583        381        421        380
       584        419        437        438
       585        418        438        439
       586        402        439        438
       587        378        418        377
       588        416        440        441
       589        415        441        442
       590        405        442        441
       591        375        415        374
       592        413        443        444
       593        412        444        445
       594        444        408        445
       595        411        370        371
       596        138        370        142
       597        446        142        370
       598        429        393        430
       599        389        390        428
       600        445        409        446
       601        372        412        371
       602        372        373        413
       603        412        411        371
       604        374        414        373
       605        412        372        413
       606        414        413        373
       607        442        405        406
       608        375        376        416
       609        415        414        374
       610        377        417        376
       611        415        375        416
       612        417        416        376
       613        439        402        403
       614        378        379        419
       615        418        417        377
       616        380        420        379
       617        418        378        419
       618        420        419        379
       619        436        399        400
       620        381        382        422
       621        421        420        380
       622        383        423        382
       623        421        381        422
       624        423        422        382
       625        433        396        397
       626        423        383        424
       627        432        395        396
       628        424        384        425
       629        431        394        395
       630        427        386        387
       631        425        385        426
       632        428        429        410
       633        427        426        386
       634        428        391        392
       635        391        428        390
       636        392        393        429
       637        429        427        410
       638        393        394        430
       639        430        426        427
       640        425        426        431
       641        395        432        431
       642        432        424        425
       643        396        433        432
       644        433        423        424
       645        433        397        434
       646        397        398        434
       647        434        422        423
       648        398        399        435
       649        421        422        435
       650        420        421        436
       651        436        400        437
       652        400        401        437
       653        437        419        420
       654        401        402        438
       655        418        419        438
       656        417        418        439
       657        439        403        440
       658        403        404        440
       659        440        416        417
       660        404        405        441
       661        415        416        441
       662        414        415        442
       663        442        406        443
       664        406        407        443
       665        443        413        414
       666        407        408        444
       667        412        413        444
       668        409        143        446
       669        409        445        408
       670        411        445        446
       671        143        142        446
       672        458        464        456
       673        448        449        458
       674        451        264        461
       675        462        463        460
       676        453        462        452
       677        253        264        451
       678        263        260        452
       679        460        451        461
       680        463        464        459
       681        450        451        460
       682        449        450        459
       683        388        390        456
       684        369        447        389
       685        455        388        456
       686        447        457        389
       687        457        448        458
       688        389        457        390
       689        447        448        457
       690        457        456        390
       691        456        457        458
       692        464        454        455
       693        458        449        459
       694        463        453        454
       695        459        450        460
       696        462        460        461
       697        461        263        452
       698        263        461        264
       699        453        463        462
       700        462        461        452
       701        463        459        460
       702        454        464        463
       703        464        458        459
       704        464        455        456
       705        520        521        489
       706        494        563        564
       707        448        447        493
       708        494        495        449
       709        450        495        496
       710         21         80        465
       711        497        465         80
       712        497        498        466
       713        467        498        499
       714        273        253        451
       715        468        467        499
       716        469        468        500
       717        501        470        469
       718        471        470        502
       719        503        472        471
       720        472        503        504
       721        504        505        473
       722        505        506        474
       723        506        475        474
       724        475        506        507
       725        507        508        476
       726        508        509        477
       727        509        510        478
       728        479        510        511
       729        480        511        512
       730        369        491        492
       731        496        565        539
       732        515        484        483
       733        516        485        484
       734        517        486        485
       735        518        487        486
       736        562        493        492
       737        519        488        487
       738        491        490        522
       739        521        490        489
       740        296        523         63
       741        523         64         63
       742        524         65         64
       743        525         66         65
       744        525        526         66
       745         67        526        527
       746        572        573        505
       747        527        528         68
       748        473        472        504
       749        530         71         70
       750        502        503        471
       751        532         73         72
       752        500        501        469
       753        534         75         74
       754         76        535        536
       755        466        465        497
       756         79        497         80
       757        514        483        482
       758        495        450        449
       759        512        513        481
       760        680        625        624
       761        544        545        279
       762        545        546        280
       763        643        644        584
       764        515        516        484
       765        641        642        582
       766        513        514        482
       767        547        282        281
       768        481        480        512
       769        480        479        511
       770        549        550        284
       771        550        551        285
       772        551        552        286
       773        476        475        507
       774        557        558        292
       775        554        555        289
       776        556        291        290
       777        524        525         65
       778        293        558        559
       779        295        561        296
       780         43        296         63
       781        447        369        492
       782        447        492        493
       783        493        494        448
       784        519        520        488
       785        494        449        448
       786        274        273        539
       787        273        451        539
       788        521        520        588
       789        451        450        496
       790        451        496        539
       791         79         78        538
       792         78        537        538
       793         77        536        537
       794        498        467        466
       795         78         77        537
       796        468        499        500
       797        533         74         73
       798         77         76        536
       799        534        535         75
       800        470        501        502
       801         72         71        531
       802        533        534         74
       803        528        529         69
       804        532        533         73
       805        531        532         72
       806        505        474        473
       807        553        554        288
       808        528        527        593
       809        552        553        287
       810        504        503        571
       811        572        505        504
       812        508        477        476
       813        507        506        574
       814        509        478        477
       815        553        288        287
       816        510        479        478
       817        549        284        283
       818        552        287        286
       819        548        283        282
       820        575        576        508
       821        576        577        509
       822        513        482        481
       823        546        281        280
       824        578        511        510
       825        514        515        483
       826        545        280        279
       827        544        279        278
       828        547        548        282
       829        516        517        485
       830        543        278        277
       831        517        518        486
       832        542        277        276
       833        518        519        487
       834        276        275        541
       835        520        489        488
       836        543        544        278
       837        522        562        492
       838        542        543        277
       839        495        494        564
       840        492        491        522
       841        521        623        522
       842        521        522        490
       843        523        524         64
       844        294        559        560
       845        292        291        557
       846        295        294        560
       847        701        702        651
       848        526         67         66
       849         68         67        527
       850        554        289        288
       851        555        556        290
       852        528         69         68
       853        591        526        525
       854        529         70         69
       855        529        530         70
       856        570        503        502
       857        527        592        593
       858         71        530        531
       859        502        501        569
       860        597        598        532
       861        501        500        568
       862        595        530        529
       863        500        567        568
       864        596        531        530
       865        535         76         75
       866        569        570        502
       867        499        566        567
       868        598        533        532
       869        566        498        538
       870        534        599        600
       871        497        538        498
       872        499        498        566
       873        497         79        538
       874        537        566        538
       875        539        540        274
       876        495        564        565
       877        540        275        274
       878        275        540        541
       879        541        542        276
       880        586        519        518
       881        585        518        517
       882        563        624        625
       883        584        517        516
       884        604        605        542
       885        583        516        515
       886        586        587        519
       887        582        515        514
       888        585        586        518
       889        546        547        281
       890        581        514        513
       891        580        513        512
       892        582        583        515
       893        548        549        283
       894        579        512        511
       895        580        581        513
       896        550        285        284
       897        613        614        551
       898        551        286        285
       899        574        575        507
       900        614        615        552
       901        506        573        574
       902        634        575        574
       903        592        527        526
       904        613        551        550
       905        614        552        551
       906        555        290        289
       907        525        524        590
       908        615        553        552
       909        651        593        592
       910        291        556        557
       911        558        620        621
       912        617        555        554
       913        558        293        292
       914        294        293        559
       915        589        523        561
       916        590        591        525
       917        561        295        560
       918        559        621        622
       919        561        523        296
       920        560        589        561
       921        562        563        493
       922        520        587        588
       923        563        494        493
       924        540        565        603
       925        496        495        565
       926        624        563        562
       927        565        540        539
       928        565        564        626
       929        537        536        602
       930        536        601        602
       931        535        600        601
       932        500        499        567
       933        536        535        601
       934        501        568        569
       935        532        531        597
       936        535        534        600
       937        598        599        533
       938        503        570        571
       939        571        572        504
       940        594        529        528
       941        570        569        629
       942        573        506        505
       943        615        616        553
       944        595        596        530
       945        634        635        575
       946        575        508        507
       947        633        574        573
       948        576        509        508
       949        673        617        616
       950        577        510        509
       951        577        578        510
       952        612        550        549
       953        578        579        511
       954        611        549        548
       955        579        580        512
       956        610        548        547
       957        609        547        546
       958        612        613        550
       959        581        582        514
       960        608        546        545
       961        607        545        544
       962        610        611        548
       963        583        584        516
       964        584        585        517
       965        606        544        543
       966        608        609        546
       967        605        543        542
       968        661        662        605
       969        542        541        604
       970        587        586        646
       971        587        520        519
       972        623        624        562
       973        586        585        645
       974        623        562        522
       975        589        524        523
       976        524        589        590
       977        619        557        556
       978        560        559        622
       979        591        592        526
       980        618        556        555
       981        632        573        572
       982        590        648        649
       983        593        594        528
       984        594        595        529
       985        572        571        631
       986        616        617        554
       987        571        570        630
       988        654        655        596
       989        652        594        593
       990        531        596        597
       991        569        628        629
       992        631        632        572
       993        599        534        533
       994        596        595        654
       995        568        627        628
       996        655        597        596
       997        627        567        602
       998        569        568        628
       999        566        602        567
      1000        568        567        627
      1001        566        537        602
      1002        601        627        602
      1003        541        540        603
      1004        541        603        604
      1005        679        680        624
      1006        588        587        647
      1007        605        606        543
      1008        644        585        584
      1009        606        607        544
      1010        584        583        643
      1011        607        608        545
      1012        642        583        582
      1013        582        581        641
      1014        606        662        663
      1015        609        610        547
      1016        640        581        580
      1017        639        580        579
      1018        608        607        664
      1019        611        612        549
      1020        638        579        578
      1021        637        578        577
      1022        639        640        580
      1023        636        577        576
      1024        670        671        614
      1025        635        576        575
      1026        671        672        615
      1027        672        673        616
      1028        616        554        553
      1029        650        592        591
      1030        704        705        654
      1031        617        618        555
      1032        618        619        556
      1033        591        590        649
      1034        633        634        574
      1035        686        685        730
      1036        557        619        620
      1037        558        557        620
      1038        559        558        621
      1039        622        648        589
      1040        649        650        591
      1041        589        560        622
      1042        620        676        677
      1043        587        646        647
      1044        588        623        521
      1045        626        660        603
      1046        623        588        679
      1047        564        563        625
      1048        626        625        660
      1049        564        625        626
      1050        603        565        626
      1051        601        600        659
      1052        600        658        659
      1053        598        656        657
      1054        599        657        658
      1055        600        599        658
      1056        570        629        630
      1057        599        598        657
      1058        571        630        631
      1059        653        595        594
      1060        655        656        597
      1061        632        633        573
      1062        633        632        685
      1063        672        616        615
      1064        631        630        683
      1065        671        615        614
      1066        700        649        678
      1067        635        636        576
      1068        670        614        613
      1069        636        637        577
      1070        669        613        612
      1071        637        638        578
      1072        668        612        611
      1073        638        639        579
      1074        667        611        610
      1075        666        610        609
      1076        669        670        613
      1077        666        714        715
      1078        581        640        641
      1079        665        609        608
      1080        642        641        694
      1081        695        643        642
      1082        583        642        643
      1083        607        663        664
      1084        697        696        741
      1085        694        695        642
      1086        585        644        645
      1087        664        665        608
      1088        586        645        646
      1089        660        661        604
      1090        712        664        663
      1091        680        726        709
      1092        624        623        679
      1093        622        621        678
      1094        648        590        589
      1095        675        619        618
      1096        621        677        678
      1097        650        651        592
      1098        674        618        617
      1099        651        652        593
      1100        652        653        594
      1101        632        631        684
      1102        674        675        618
      1103        729        685        684
      1104        595        653        654
      1105        630        682        683
      1106        702        652        651
      1107        656        598        597
      1108        653        652        703
      1109        629        681        682
      1110        654        653        704
      1111        681        628        659
      1112        630        629        682
      1113        628        627        659
      1114        629        628        681
      1115        627        601        659
      1116        658        681        659
      1117        660        604        603
      1118        698        699        646
      1119        709        660        625
      1120        661        605        604
      1121        662        606        605
      1122        697        698        645
      1123        607        606        663
      1124        644        696        697
      1125        695        696        643
      1126        713        665        664
      1127        665        666        609
      1128        641        640        693
      1129        666        667        610
      1130        692        640        639
      1131        667        668        611
      1132        691        639        638
      1133        668        669        612
      1134        690        638        637
      1135        689        637        636
      1136        667        715        716
      1137        688        636        635
      1138        691        692        639
      1139        687        635        634
      1140        690        691        638
      1141        686        634        633
      1142        689        690        637
      1143        673        674        617
      1144        651        650        701
      1145        724        725        676
      1146        686        687        634
      1147        745        702        701
      1148        619        675        676
      1149        620        619        676
      1150        621        620        677
      1151        648        622        678
      1152        675        723        724
      1153        649        648        678
      1154        678        677        763
      1155        726        647        699
      1156        647        679        588
      1157        680        709        625
      1158        679        647        726
      1159        658        657        708
      1160        657        707        708
      1161        655        705        706
      1162        656        706        707
      1163        657        656        707
      1164        631        683        684
      1165        746        703        702
      1166        632        684        685
      1167        685        686        633
      1168        721        673        672
      1169        720        672        671
      1170        728        729        684
      1171        687        688        635
      1172        688        689        636
      1173        719        671        670
      1174        721        722        673
      1175        718        670        669
      1176        756        757        718
      1177        717        669        668
      1178        691        690        735
      1179        668        667        716
      1180        786        758        757
      1181        690        689        734
      1182        640        692        693
      1183        717        718        669
      1184        641        693        694
      1185        713        714        665
      1186        716        717        668
      1187        712        713        664
      1188        754        716        715
      1189        696        644        643
      1190        711        712        663
      1191        645        644        697
      1192        662        710        711
      1193        698        646        645
      1194        661        709        710
      1195        663        662        711
      1196        699        647        646
      1197        700        650        649
      1198        650        700        701
      1199        722        674        673
      1200        700        678        763
      1201        675        674        723
      1202        652        702        703
      1203        744        701        700
      1204        653        703        704
      1205        683        727        728
      1206        767        768        730
      1207        705        655        654
      1208        656        655        706
      1209        727        682        708
      1210        684        683        728
      1211        682        681        708
      1212        683        682        727
      1213        681        658        708
      1214        707        727        708
      1215        709        661        660
      1216        662        661        710
      1217        711        710        743
      1218        710        709        726
      1219        697        741        742
      1220        710        699        743
      1221        696        740        741
      1222        743        742        712
      1223        739        740        695
      1224        698        697        742
      1225        714        666        665
      1226        738        739        694
      1227        667        666        715
      1228        693        737        738
      1229        692        736        737
      1230        755        717        716
      1231        735        736        691
      1232        756        718        717
      1233        718        719        670
      1234        733        689        688
      1235        719        720        671
      1236        688        687        732
      1237        720        721        672
      1238        731        687        686
      1239        779        746        745
      1240        719        757        758
      1241        732        733        688
      1242        674        722        723
      1243        676        675        724
      1244        759        721        720
      1245        744        700        763
      1246        725        724        764
      1247        761        762        723
      1248        725        677        676
      1249        680        679        726
      1250        699        710        726
      1251        705        748        749
      1252        706        749        750
      1253        704        747        748
      1254        707        706        750
      1255        706        705        749
      1256        685        729        730
      1257        730        731        686
      1258        760        722        721
      1259        729        766        767
      1260        687        731        732
      1261        720        719        758
      1262        788        789        760
      1263        768        731        730
      1264        689        733        734
      1265        759        760        721
      1266        690        734        735
      1267        755        756        717
      1268        758        759        720
      1269        736        692        691
      1270        754        755        716
      1271        693        692        737
      1272        753        754        715
      1273        694        693        738
      1274        714        752        753
      1275        739        695        694
      1276        713        751        752
      1277        715        714        753
      1278        740        696        695
      1279        742        751        712
      1280        714        713        752
      1281        711        743        712
      1282        751        741        752
      1283        743        698        742
      1284        698        743        699
      1285        744        745        701
      1286        724        762        764
      1287        745        746        702
      1288        800        790        811
      1289        732        731        769
      1290        703        746        747
      1291        704        703        747
      1292        705        704        748
      1293        728        765        766
      1294        730        729        767
      1295        750        765        727
      1296        729        728        766
      1297        727        707        750
      1298        765        750        791
      1299        742        741        751
      1300        751        713        712
      1301        753        752        777
      1302        740        752        741
      1303        738        775        776
      1304        752        740        777
      1305        737        774        775
      1306        777        776        754
      1307        736        773        774
      1308        739        738        776
      1309        772        773        735
      1310        738        737        775
      1311        757        719        718
      1312        734        771        772
      1313        733        770        771
      1314        787        759        758
      1315        769        770        732
      1316        788        760        759
      1317        760        761        722
      1318        745        744        778
      1319        761        723        722
      1320        744        764        778
      1321        779        800        801
      1322        762        724        723
      1323        725        744        763
      1324        725        763        677
      1325        744        725        764
      1326        778        779        745
      1327        750        749        791
      1328        765        728        727
      1329        747        780        781
      1330        748        781        782
      1331        746        779        780
      1332        749        748        782
      1333        748        747        781
      1334        731        768        769
      1335        787        788        759
      1336        768        793        794
      1337        770        733        732
      1338        786        787        758
      1339        734        733        771
      1340        785        786        757
      1341        735        734        772
      1342        756        784        785
      1343        773        736        735
      1344        737        736        774
      1345        755        783        784
      1346        757        756        785
      1347        776        783        754
      1348        785        784        799
      1349        753        777        754
      1350        775        784        783
      1351        777        739        776
      1352        739        777        740
      1353        789        790        761
      1354        764        762        800
      1355        747        746        780
      1356        762        790        800
      1357        767        792        793
      1358        794        793        808
      1359        766        791        792
      1360        768        767        793
      1361        791        749        782
      1362        802        808        807
      1363        776        775        783
      1364        783        755        754
      1365        775        774        784
      1366        756        755        784
      1367        772        797        798
      1368        784        774        799
      1369        771        796        797
      1370        799        798        786
      1371        770        795        796
      1372        773        772        798
      1373        769        794        795
      1374        772        771        797
      1375        789        761        760
      1376        778        764        800
      1377        769        768        794
      1378        790        762        761
      1379        791        766        765
      1380        782        792        791
      1381        782        781        807
      1382        767        766        792
      1383        780        779        801
      1384        780        801        802
      1385        788        804        805
      1386        781        780        802
      1387        770        769        795
      1388        771        770        796
      1389        787        803        804
      1390        789        788        805
      1391        798        803        786
      1392        805        804        810
      1393        785        799        786
      1394        797        804        803
      1395        799        773        798
      1396        773        799        774
      1397        779        778        800
      1398        805        806        789
      1399        808        793        807
      1400        790        806        811
      1401        793        792        807
      1402        809        808        812
      1403        798        797        803
      1404        803        787        786
      1405        797        796        804
      1406        788        787        804
      1407        808        809        794
      1408        804        796        810
      1409        809        806        810
      1410        806        790        789
      1411        781        802        807
      1412        792        782        807
      1413        806        805        810
      1414        802        801        812
      1415        812        811        806
      1416        809        795        794
      1417        810        795        809
      1418        795        810        796
      1419        801        800        811
      1420        809        812        806
      1421        801        811        812
      1422        808        802        812
      1423        836        187        186
      1424        835        186        185
      1425        138        204        370
      1426        370        204        814
      1427        851        852        202
      1428        372        371        815
      1429        816        373        372
      1430        373        816        817
      1431        817        818        374
      1432        934        933        870
      1433        193        842        843
      1434        840        841        191
      1435        191        190        840
      1436        836        835        902
      1437        837        188        187
      1438        193        192        842
      1439        838        189        188
      1440        190        839        840
      1441        192        841        842
      1442        194        843        844
      1443        818        886        887
      1444        181          1         26
      1445        181         26        831
      1446        855        856         24
      1447        832        833        183
      1448        813        854         22
      1449        183        182        832
      1450        468        469        861
      1451        833        184        183
      1452        832        831        898
      1453        834        185        184
      1454        834        835        185
      1455        835        836        186
      1456        900        834        833
      1457        837        838        188
      1458        839        190        189
      1459        963        904        903
      1460        194        193        843
      1461        910        911        844
      1462        818        375        374
      1463        197        846        847
      1464        374        373        817
      1465        814        204        853
      1466        850        851        201
      1467        204        203        853
      1468         21        465        813
      1469        465        466        858
      1470        813        465        858
      1471        854        855         23
      1472         26         25        857
      1473        195        194        844
      1474        844        845        195
      1475       1003        949        948
      1476        818        819        375
      1477        819        820        376
      1478        819        818        887
      1479        380        379        823
      1480        483        484        876
      1481        824        825        381
      1482        890        822        821
      1483        820        821        377
      1484        845        911        912
      1485        822        379        378
      1486        892        824        823
      1487        825        382        381
      1488        826        827        383
      1489        381        380        824
      1490        489        881        488
      1491        491        369        387
      1492        383        382        826
      1493        830        829        882
      1494        827        828        384
      1495        490        491        830
      1496        828        829        385
      1497        830        491        387
      1498        829        830        386
      1499        858        919        813
      1500         22         21        813
      1501        371        370        814
      1502        371        814        815
      1503        815        816        372
      1504        849        200        199
      1505        848        199        198
      1506        850        201        200
      1507        845        846        196
      1508        849        850        200
      1509        932        869        933
      1510        819        376        375
      1511        198        197        847
      1512        820        377        376
      1513        886        818        817
      1514        821        378        377
      1515        821        822        378
      1516        485        486        878
      1517        889        888        950
      1518        379        822        823
      1519        888        889        820
      1520        380        823        824
      1521        488        880        487
      1522        952        891        890
      1523        891        892        823
      1524        382        825        826
      1525        827        384        383
      1526        880        943        879
      1527        490        882        489
      1528        893        894        825
      1529        894        895        826
      1530        828        385        384
      1531        895        896        827
      1532        829        386        385
      1533        896        897        828
      1534        830        387        386
      1535        182        181        831
      1536        182        831        832
      1537        899        900        833
      1538        831         26        857
      1539        833        834        184
      1540        469        470        862
      1541        902        903        836
      1542        861        924        860
      1543        471        472        864
      1544        899        833        832
      1545        836        837        187
      1546        961        962        902
      1547        473        474        866
      1548        835        834        901
      1549        838        839        189
      1550        962        903        902
      1551        475        476        868
      1552        903        837        836
      1553        904        838        837
      1554        841        192        191
      1555        905        904        964
      1556        905        839        838
      1557        908        909        842
      1558        906        840        839
      1559        844        843        910
      1560        907        841        840
      1561        908        842        841
      1562        845        196        195
      1563        909        843        842
      1564        846        197        196
      1565        885        817        816
      1566        843        909        910
      1567        847        848        198
      1568        848        849        199
      1569        884        816        815
      1570        968        909        908
      1571        815        814        883
      1572        913        847        846
      1573        883        814        853
      1574        885        886        817
      1575        918        883        852
      1576        851        202        201
      1577        917        918        851
      1578        852        203        202
      1579        852        883        853
      1580        852        853        203
      1581        854         23         22
      1582        831        857        898
      1583        858        859        922
      1584        855         24         23
      1585        919        920        854
      1586        856         25         24
      1587        856        898        857
      1588        856        857         25
      1589        467        468        860
      1590        466        467        859
      1591        858        466        859
      1592        922        859        923
      1593        859        467        860
      1594        901        960        961
      1595        470        471        863
      1596        860        468        861
      1597        861        469        862
      1598        864        865        928
      1599        472        473        865
      1600        862        470        863
      1601        863        471        864
      1602        904        905        838
      1603        474        475        867
      1604        864        472        865
      1605        476        477        869
      1606        865        473        866
      1607        477        478        870
      1608        866        474        867
      1609        479        871        478
      1610        867        475        868
      1611        479        480        872
      1612        868        476        869
      1613        480        481        873
      1614        869        477        870
      1615        481        482        874
      1616        871        870        478
      1617        887        888        819
      1618        871        479        872
      1619        482        483        875
      1620        872        480        873
      1621        873        481        874
      1622        889        821        820
      1623        484        485        877
      1624        874        482        875
      1625        875        483        876
      1626        823        822        891
      1627        486        487        879
      1628        876        484        877
      1629        877        485        878
      1630        825        824        893
      1631        878        486        879
      1632        944        881        897
      1633        880        879        487
      1634        882        897        881
      1635        881        880        488
      1636        897        882        829
      1637        490        830        882
      1638        882        881        489
      1639        883        884        815
      1640        916        917        850
      1641        884        885        816
      1642        915        849        848
      1643        914        848        847
      1644        916        850        849
      1645        948        949        887
      1646        915        916        849
      1647        970        911        910
      1648        888        820        819
      1649        889        890        821
      1650        912        913        846
      1651        876        877        940
      1652       1020       1019       1063
      1653        938        939        996
      1654        822        890        891
      1655        879        942        878
      1656       1005        951        950
      1657        951        952        890
      1658        824        892        893
      1659        894        826        825
      1660        942        999        941
      1661        880        881        944
      1662        953        954        892
      1663        954        955        893
      1664        895        827        826
      1665        955        956        894
      1666        896        828        827
      1667        956        957        895
      1668        897        829        828
      1669        898        899        832
      1670        855        920        921
      1671        959        979       1011
      1672        856        855        921
      1673        958        899        898
      1674        834        900        901
      1675        921        920        979
      1676        835        901        902
      1677        962        963        903
      1678        901        900        960
      1679        903        904        837
      1680        964        965        905
      1681        965        966        906
      1682        902        901        961
      1683        905        906        839
      1684       1018       1019        967
      1685        906        907        840
      1686        868        869        932
      1687        907        908        841
      1688        965        964       1016
      1689        871        934        870
      1690        965        906        905
      1691        872        935        871
      1692        966        907        906
      1693        967        908        907
      1694        911        845        844
      1695        846        845        912
      1696        948        887        886
      1697        947        886        885
      1698        969        910        909
      1699        913        914        847
      1700        914        915        848
      1701        885        884        946
      1702        971        912        911
      1703        884        945        946
      1704        972        913        912
      1705        883        918        945
      1706        947        948        886
      1707        976        977        917
      1708        917        851        850
      1709        884        883        945
      1710        918        852        851
      1711        919        854        813
      1712        921        958        898
      1713        919        858        922
      1714        920        855        854
      1715        898        856        921
      1716        958        921        979
      1717        859        860        923
      1718        919        922        978
      1719        900        959        960
      1720        861        862        925
      1721        862        863        926
      1722        924        923        860
      1723        863        864        927
      1724        924        861        925
      1725        925        862        926
      1726        963       1014       1015
      1727        865        866        929
      1728        926        863        927
      1729        866        867        930
      1730        927        864        928
      1731        867        868        931
      1732        928        865        929
      1733        929        866        930
      1734        966        967        907
      1735        869        870        933
      1736        930        867        931
      1737        931        868        932
      1738        968        969        909
      1739        969        970        910
      1740        872        873        936
      1741        970        971        911
      1742        873        874        937
      1743        935        934        871
      1744        937        938        995
      1745        874        875        938
      1746        935        872        936
      1747        875        876        939
      1748        936        873        937
      1749        937        874        938
      1750        890        889        951
      1751        877        878        941
      1752        938        875        939
      1753        939        876        940
      1754        892        891        953
      1755        940        877        941
      1756       1000        943        957
      1757        942        941        878
      1758        944        957        943
      1759        943        942        879
      1760        957        944        896
      1761        943        880        944
      1762        944        897        896
      1763        975        976        916
      1764        918        917        977
      1765        946        947        885
      1766        974        915        914
      1767        973        914        913
      1768        975        916        915
      1769        974        975        915
      1770        949        888        887
      1771        973        974        914
      1772        888        949        950
      1773        971        972        912
      1774        889        950        951
      1775        941        998        940
      1776       1067       1066       1101
      1777       1004       1005        950
      1778        891        952        953
      1779        954        893        892
      1780       1008       1007       1054
      1781        942        943       1000
      1782       1006       1007        952
      1783       1007       1008        953
      1784        955        894        893
      1785       1008       1009        954
      1786        956        895        894
      1787       1009       1010        955
      1788        957        896        895
      1789        958        959        899
      1790        920        978        979
      1791        959        900        899
      1792        924        925        982
      1793        926        983        925
      1794        981       1029        980
      1795        927        984        926
      1796       1012       1029       1056
      1797        983        982        925
      1798        982       1030        981
      1799       1029       1030       1056
      1800        904        963        964
      1801        964       1015       1016
      1802        963        962       1014
      1803        930        931        988
      1804        964        963       1015
      1805        932        933        990
      1806       1016       1017        965
      1807        967        968        908
      1808        933        934        991
      1809        934        935        992
      1810       1017        966        965
      1811       1063       1064       1020
      1812        967        966       1018
      1813        936        937        994
      1814       1019        968        967
      1815        972        973        913
      1816        969        968       1020
      1817       1002        948        947
      1818        970        969       1021
      1819        947        946       1001
      1820       1022        971        970
      1821       1001        946        977
      1822       1064       1021       1020
      1823        977        946        945
      1824       1002       1003        948
      1825        974       1025       1026
      1826        976        917        916
      1827        976       1070        977
      1828        945        918        977
      1829        923        980        922
      1830        920        919        978
      1831        959        958        979
      1832        978        980       1028
      1833        923        924        981
      1834        980        978        922
      1835        980        923        981
      1836        960       1011       1012
      1837        981        924        982
      1838        961       1012       1013
      1839        962       1013       1014
      1840        927        928        985
      1841        928        929        986
      1842        984        983        926
      1843        929        930        987
      1844        984        927        985
      1845        985        928        986
      1846       1017       1060       1061
      1847        931        932        989
      1848        986        929        987
      1849        987        930        988
      1850       1037       1036        988
      1851        988        931        989
      1852       1064       1065       1021
      1853        989        932        990
      1854       1065       1066       1022
      1855        935        936        993
      1856        990        933        991
      1857        991        934        992
      1858       1023        972        971
      1859        992        935        993
      1860        974        973       1025
      1861        993        936        994
      1862       1004        950        949
      1863        939        940        997
      1864        994        937        995
      1865        995        938        996
      1866        952        951       1006
      1867        996        939        997
      1868       1005       1004       1051
      1869        998        997        940
      1870       1000       1010        999
      1871        999        998        941
      1872       1010       1000        956
      1873        999        942       1000
      1874       1000        957        956
      1875       1001       1002        947
      1876        975       1026       1027
      1877       1024        973        972
      1878        976        975       1027
      1879       1003       1004        949
      1880       1050       1004       1003
      1881       1051       1052       1005
      1882       1048       1002       1001
      1883       1088       1050       1049
      1884        951       1005       1006
      1885        998        999       1047
      1886       1045       1085       1044
      1887       1007        953        952
      1888       1047        999       1010
      1889       1052       1053       1006
      1890       1008        954        953
      1891       1007       1053       1054
      1892       1009        955        954
      1893       1054       1055       1008
      1894       1010        956        955
      1895        960        959       1011
      1896       1029       1028        980
      1897        961        960       1012
      1898       1056       1057       1013
      1899        962        961       1013
      1900        984        985       1033
      1901        985        986       1034
      1902       1056       1030       1031
      1903        986        987       1035
      1904       1015       1014       1058
      1905        987        988       1036
      1906       1074       1073       1033
      1907       1034       1074       1033
      1908        966       1017       1018
      1909       1035        987       1036
      1910       1035       1075       1034
      1911       1018       1017       1061
      1912        968       1019       1020
      1913       1019       1018       1062
      1914        969       1020       1021
      1915       1021       1022        970
      1916       1066       1067       1023
      1917       1022       1023        971
      1918        994        995       1043
      1919       1023       1024        972
      1920       1049       1003       1002
      1921       1065       1022       1021
      1922        973       1024       1025
      1923        975        974       1026
      1924       1066       1023       1022
      1925       1048       1001       1070
      1926       1027       1026       1071
      1927       1070        976       1027
      1928       1068       1069       1025
      1929        979        978       1028
      1930        979       1028       1011
      1931       1029       1011       1028
      1932       1011       1029       1012
      1933        983       1031        982
      1934       1030       1029        981
      1935        983        984       1032
      1936       1031       1030        982
      1937       1031        983       1032
      1938       1014       1057       1058
      1939       1032        984       1033
      1940       1015       1058       1059
      1941       1033        985       1034
      1942       1016       1059       1060
      1943        989       1037        988
      1944       1034        986       1035
      1945       1018       1061       1062
      1946        990       1038        989
      1947       1019       1062       1063
      1948        990        991       1039
      1949        991        992       1040
      1950       1038       1037        989
      1951        992        993       1041
      1952       1038        990       1039
      1953        993        994       1042
      1954       1039        991       1040
      1955       1040        992       1041
      1956       1089       1088       1115
      1957        995        996       1044
      1958       1041        993       1042
      1959        997       1045        996
      1960       1042        994       1043
      1961       1043        995       1044
      1962       1052       1006       1005
      1963        997        998       1046
      1964       1045       1044        996
      1965       1045        997       1046
      1966       1055       1047       1009
      1967       1046        998       1047
      1968       1047       1010       1009
      1969       1048       1049       1002
      1970       1026       1069       1071
      1971       1049       1050       1003
      1972       1067       1024       1023
      1973       1101       1102       1067
      1974       1004       1050       1051
      1975       1046       1086       1045
      1976       1049       1048       1087
      1977       1055       1093       1046
      1978       1084       1085       1112
      1979       1089       1090       1051
      1980       1053       1007       1006
      1981       1047       1055       1046
      1982       1090       1091       1052
      1983       1091       1092       1053
      1984       1055       1009       1008
      1985       1056       1013       1012
      1986       1032       1072       1031
      1987       1056       1031       1057
      1988       1057       1014       1013
      1989       1032       1033       1073
      1990       1072       1058       1057
      1991       1016       1015       1059
      1992       1094       1095       1060
      1993       1017       1016       1060
      1994       1036       1037       1077
      1995       1037       1038       1078
      1996       1094       1074       1075
      1997       1039       1079       1038
      1998       1062       1061       1096
      1999       1040       1080       1039
      2000       1063       1062       1097
      2001       1040       1041       1081
      2002       1119       1120       1098
      2003       1065       1099       1100
      2004       1079       1106       1078
      2005       1066       1100       1101
      2006       1119       1105       1106
      2007       1066       1065       1100
      2008       1024       1067       1068
      2009       1025       1024       1068
      2010       1048       1071       1087
      2011       1088       1089       1050
      2012       1069       1026       1025
      2013       1070       1001        977
      2014       1027       1048       1070
      2015       1048       1027       1071
      2016       1087       1088       1049
      2017       1072       1032       1073
      2018       1072       1057       1031
      2019       1058       1072       1073
      2020       1058       1073       1059
      2021       1074       1094       1073
      2022       1094       1059       1073
      2023       1035       1036       1076
      2024       1075       1074       1034
      2025       1075       1035       1076
      2026       1061       1095       1096
      2027       1076       1036       1077
      2028       1062       1096       1097
      2029       1077       1037       1078
      2030       1063       1097       1098
      2031       1079       1078       1038
      2032       1064       1098       1099
      2033       1041       1042       1082
      2034       1080       1079       1039
      2035       1042       1043       1083
      2036       1080       1040       1081
      2037       1044       1084       1043
      2038       1081       1041       1082
      2039       1082       1042       1083
      2040       1089       1051       1050
      2041       1084       1083       1043
      2042       1113       1086       1093
      2043       1085       1084       1044
      2044       1092       1113       1093
      2045       1086       1085       1045
      2046       1093       1055       1054
      2047       1068       1102       1103
      2048       1071       1069       1114
      2049       1088       1114       1115
      2050       1069       1103       1114
      2051       1113       1085       1086
      2052       1123       1133       1134
      2053       1103       1102       1124
      2054       1090       1052       1051
      2055       1089       1115       1116
      2056       1091       1053       1052
      2057       1116       1117       1090
      2058       1092       1054       1053
      2059       1093       1086       1046
      2060       1093       1054       1092
      2061       1060       1059       1094
      2062       1076       1118       1075
      2063       1094       1075       1095
      2064       1095       1061       1060
      2065       1076       1077       1104
      2066       1118       1076       1104
      2067       1104       1077       1105
      2068       1104       1097       1096
      2069       1064       1063       1098
      2070       1120       1121       1099
      2071       1065       1064       1099
      2072       1081       1082       1109
      2073       1082       1083       1110
      2074       1108       1125       1107
      2075       1090       1089       1116
      2076       1101       1100       1122
      2077       1102       1068       1067
      2078       1069       1068       1103
      2079       1087       1071       1114
      2080       1110       1127       1109
      2081       1077       1078       1105
      2082       1095       1118       1096
      2083       1105       1119       1104
      2084       1119       1097       1104
      2085       1080       1107       1079
      2086       1106       1105       1078
      2087       1080       1081       1108
      2088       1107       1106       1079
      2089       1107       1080       1108
      2090       1100       1121       1122
      2091       1108       1081       1109
      2092       1101       1122       1123
      2093       1084       1111       1083
      2094       1109       1082       1110
      2095       1111       1110       1083
      2096       1117       1129       1132
      2097       1111       1084       1112
      2098       1132       1112       1113
      2099       1112       1085       1113
      2100       1091       1132       1092
      2101       1088       1087       1114
      2102       1124       1130       1103
      2103       1130       1124       1131
      2104       1102       1123       1124
      2105       1129       1112       1132
      2106       1115       1130       1131
      2107       1116       1131       1135
      2108       1117       1091       1090
      2109       1118       1095       1075
      2110       1118       1104       1096
      2111       1098       1097       1119
      2112       1106       1107       1120
      2113       1119       1106       1120
      2114       1120       1099       1098
      2115       1120       1107       1121
      2116       1121       1100       1099
      2117       1125       1108       1126
      2118       1125       1122       1121
      2119       1102       1101       1123
      2120       1128       1135       1134
      2121       1130       1115       1114
      2122       1133       1126       1127
      2123       1108       1109       1126
      2124       1125       1121       1107
      2125       1126       1133       1125
      2126       1133       1122       1125
      2127       1111       1128       1110
      2128       1127       1126       1109
      2129       1129       1111       1112
      2130       1128       1127       1110
      2131       1128       1111       1129
      2132       1117       1116       1135
      2133       1131       1124       1134
      2134       1130       1114       1103
      2135       1116       1115       1131
      2136       1129       1117       1135
      2137       1132       1091       1117
      2138       1132       1113       1092
      2139       1123       1122       1133
      2140       1133       1127       1134
      2141       1124       1123       1134
      2142       1127       1128       1134
      2143       1128       1129       1135
      2144       1135       1131       1134
